7214
0	j4750:4750:j4751:4751
0	j4752:4752:j4753:4753
0	j4754:4754:j4755:4755
0	j4756:4756:j4757:4757
0	j4758:4758:j4759:4759
0	j4760:4760:j4761:4761
0	j4762:4762:j4763:4763
0	j4764:4764:j4765:4765
0	j4766:4766:j4767:4767
0	j4768:4768:j4769:4769
0	j4770:4770:j4771:4771
0	j4772:4772:j4773:4773
0	j4774:4774:j4775:4775
0	j4776:4776:j4777:4777
0	j4778:4778:j4779:4779
0	j4780:4780:j4781:4781
0	j4782:4782:j4783:4783
0	j4784:4784:j4785:4785
0	j4786:4786:j4787:4787
0	j4788:4788:j4789:4789
0	j4790:4790:j4791:4791
0	j4792:4792:j4793:4793
0	j4794:4794:j4795:4795
0	j4796:4796:j4797:4797
0	j4798:4798:j4799:4799
0	j4800:4800:j4801:4801
0	j4802:4802:j4803:4803
0	j4804:4804:j4805:4805
0	j4806:4806:j4807:4807
0	j4808:4808:j4809:4809
0	j4810:4810:j4811:4811
0	j4812:4812:j4813:4813
0	j4814:4814:j4815:4815
0	j4816:4816:j4817:4817
0	j4818:4818:j4819:4819
0	j4820:4820:j4821:4821
0	j4822:4822:j4823:4823
0	j4824:4824:j4825:4825
0	j4826:4826:j4827:4827
0	j4828:4828:j4829:4829
0	j4830:4830:j4831:4831
0	j4832:4832:j4833:4833
0	j4834:4834:j4835:4835
0	j4836:4836:j4837:4837
0	j4838:4838:j4839:4839
0	j4840:4840:j4841:4841
0	j4842:4842:j4843:4843
0	j4844:4844:j4845:4845
0	j4846:4846:j4847:4847
0	j4848:4848:j4849:4849
0	j4850:4850:j4851:4851
0	j4852:4852:j4853:4853
0	j4854:4854:j4855:4855
0	j4856:4856:j4857:4857
0	j4858:4858:j4859:4859
0	j4860:4860:j4861:4861
0	j4862:4862:j4863:4863
0	j4864:4864:j4865:4865
0	j4866:4866:j4867:4867
0	j4868:4868:j4869:4869
0	j4870:4870:j4871:4871
0	j4872:4872:j4873:4873
0	j4874:4874:j4875:4875
0	j4876:4876:j4877:4877
0	j4878:4878:j4879:4879
0	j4880:4880:j4881:4881
0	j4882:4882:j4883:4883
0	j4884:4884:j4885:4885
0	j4886:4886:j4887:4887
0	j4888:4888:j4889:4889
0	j4890:4890:j4891:4891
0	j4892:4892:j4893:4893
0	j4894:4894:j4895:4895
0	j4896:4896:j4897:4897
0	j4898:4898:j4899:4899
0	j4900:4900:j4901:4901
0	j4902:4902:j4903:4903
0	j4904:4904:j4905:4905
0	j4906:4906:j4907:4907
0	j4908:4908:j4909:4909
0	j4910:4910:j4911:4911
0	j4912:4912:j4913:4913
0	j4914:4914:j4915:4915
0	j4916:4916:j4917:4917
0	j4918:4918:j4919:4919
0	j4920:4920:j4921:4921
0	j4922:4922:j4923:4923
0	j4924:4924:j4925:4925
0	j4926:4926:j4927:4927
0	j4928:4928:j4929:4929
0	j4930:4930:j4931:4931
0	j4932:4932:j4933:4933
0	j4934:4934:j4935:4935
0	j4936:4936:j4937:4937
0	j4938:4938:j4939:4939
0	j4940:4940:j4941:4941
0	j4942:4942:j4943:4943
0	j4944:4944:j4945:4945
0	j4946:4946:j4947:4947
0	j4948:4948:j4949:4949
0	j4950:4950:j4951:4951
0	j4952:4952:j4953:4953
0	j4954:4954:j4955:4955
0	j4956:4956:j4957:4957
0	j4958:4958:j4959:4959
0	j4960:4960:j4961:4961
0	j4962:4962:j4963:4963
0	j4964:4964:j4965:4965
0	j4966:4966:j4967:4967
0	j4968:4968:j4969:4969
0	j4970:4970:j4971:4971
0	j4972:4972:j4973:4973
0	j4974:4974:j4975:4975
0	j4976:4976:j4977:4977
0	j4978:4978:j4979:4979
0	j4980:4980:j4981:4981
0	j4982:4982:j4983:4983
0	j4984:4984:j4985:4985
0	j4986:4986:j4987:4987
0	j4988:4988:j4989:4989
0	j4990:4990:j4991:4991
0	j4992:4992:j4993:4993
0	j4994:4994:j4995:4995
0	j4996:4996:j4997:4997
0	j4998:4998:j4999:4999
1	j4750
1	j4752
1	j4754
1	j4756
1	j4758
1	j4760
1	j4762
1	j4764
1	j4766
1	j4768
1	j4770
1	j4772
1	j4774
1	j4776
1	j4778
1	j4780
1	j4782
1	j4784
1	j4786
1	j4788
1	j4790
1	j4792
1	j4794
1	j4796
1	j4798
1	j4800
1	j4802
1	j4804
1	j4806
1	j4808
1	j4810
1	j4812
1	j4814
1	j4816
1	j4818
1	j4820
1	j4822
1	j4824
1	j4826
1	j4828
1	j4830
1	j4832
1	j4834
1	j4836
1	j4838
1	j4840
1	j4842
1	j4844
1	j4846
1	j4848
1	j4850
1	j4852
1	j4854
1	j4856
1	j4858
1	j4860
1	j4862
1	j4864
1	j4866
1	j4868
1	j4870
1	j4872
1	j4874
1	j4876
1	j4878
1	j4880
1	j4882
1	j4884
1	j4886
1	j4888
1	j4890
1	j4892
1	j4894
1	j4896
1	j4898
1	j4900
1	j4902
1	j4904
1	j4906
1	j4908
1	j4910
1	j4912
1	j4914
1	j4916
1	j4918
1	j4920
1	j4922
1	j4924
1	j4926
1	j4928
1	j4930
1	j4932
1	j4934
1	j4936
1	j4938
1	j4940
1	j4942
1	j4944
1	j4946
1	j4948
1	j4950
1	j4952
1	j4954
1	j4956
1	j4958
1	j4960
1	j4962
1	j4964
1	j4966
1	j4968
1	j4970
1	j4972
1	j4974
1	j4976
1	j4978
1	j4980
1	j4982
1	j4984
1	j4986
1	j4988
1	j4990
1	j4992
1	j4994
1	j4996
1	j4998
3	4750
3	4752
3	4754
3	4756
3	4758
3	4760
3	4762
3	4764
3	4766
3	4768
3	4770
3	4772
3	4774
3	4776
3	4778
3	4780
3	4782
3	4784
3	4786
3	4788
3	4790
3	4792
3	4794
3	4796
3	4798
3	4800
3	4802
3	4804
3	4806
3	4808
3	4810
3	4812
3	4814
3	4816
3	4818
3	4820
3	4822
3	4824
3	4826
3	4828
3	4830
3	4832
3	4834
3	4836
3	4838
3	4840
3	4842
3	4844
3	4846
3	4848
3	4850
3	4852
3	4854
3	4856
3	4858
3	4860
3	4862
3	4864
3	4866
3	4868
3	4870
3	4872
3	4874
3	4876
3	4878
3	4880
3	4882
3	4884
3	4886
3	4888
3	4890
3	4892
3	4894
3	4896
3	4898
3	4900
3	4902
3	4904
3	4906
3	4908
3	4910
3	4912
3	4914
3	4916
3	4918
3	4920
3	4922
3	4924
3	4926
3	4928
3	4930
3	4932
3	4934
3	4936
3	4938
3	4940
3	4942
3	4944
3	4946
3	4948
3	4950
3	4952
3	4954
3	4956
3	4958
3	4960
3	4962
3	4964
3	4966
3	4968
3	4970
3	4972
3	4974
3	4976
3	4978
3	4980
3	4982
3	4984
3	4986
3	4988
3	4990
3	4992
3	4994
3	4996
3	4998
5	4750
5	4752
5	4754
5	4756
5	4758
5	4760
5	4762
5	4764
5	4766
5	4768
5	4770
5	4772
5	4774
5	4776
5	4778
5	4780
5	4782
5	4784
5	4786
5	4788
5	4790
5	4792
5	4794
5	4796
5	4798
5	4800
5	4802
5	4804
5	4806
5	4808
5	4810
5	4812
5	4814
5	4816
5	4818
5	4820
5	4822
5	4824
5	4826
5	4828
5	4830
5	4832
5	4834
5	4836
5	4838
5	4840
5	4842
5	4844
5	4846
5	4848
5	4850
5	4852
5	4854
5	4856
5	4858
5	4860
5	4862
5	4864
5	4866
5	4868
5	4870
5	4872
5	4874
5	4876
5	4878
5	4880
5	4882
5	4884
5	4886
5	4888
5	4890
5	4892
5	4894
5	4896
5	4898
5	4900
5	4902
5	4904
5	4906
5	4908
5	4910
5	4912
5	4914
5	4916
5	4918
5	4920
5	4922
5	4924
5	4926
5	4928
5	4930
5	4932
5	4934
5	4936
5	4938
5	4940
5	4942
5	4944
5	4946
5	4948
5	4950
5	4952
5	4954
5	4956
5	4958
5	4960
5	4962
5	4964
5	4966
5	4968
5	4970
5	4972
5	4974
5	4976
5	4978
5	4980
5	4982
5	4984
5	4986
5	4988
5	4990
5	4992
5	4994
5	4996
5	4998
4	4750
4	4752
4	4754
4	4756
4	4758
4	4760
4	4762
4	4764
4	4766
4	4768
4	4770
4	4772
4	4774
4	4776
4	4778
4	4780
4	4782
4	4784
4	4786
4	4788
4	4790
4	4792
4	4794
4	4796
4	4798
4	4800
4	4802
4	4804
4	4806
4	4808
4	4810
4	4812
4	4814
4	4816
4	4818
4	4820
4	4822
4	4824
4	4826
4	4828
4	4830
4	4832
4	4834
4	4836
4	4838
4	4840
4	4842
4	4844
4	4846
4	4848
4	4850
4	4852
4	4854
4	4856
4	4858
4	4860
4	4862
4	4864
4	4866
4	4868
4	4870
4	4872
4	4874
4	4876
4	4878
4	4880
4	4882
4	4884
4	4886
4	4888
4	4890
4	4892
4	4894
4	4896
4	4898
4	4900
4	4902
4	4904
4	4906
4	4908
4	4910
4	4912
4	4914
4	4916
4	4918
4	4920
4	4922
4	4924
4	4926
4	4928
4	4930
4	4932
4	4934
4	4936
4	4938
4	4940
4	4942
4	4944
4	4946
4	4948
4	4950
4	4952
4	4954
4	4956
4	4958
4	4960
4	4962
4	4964
4	4966
4	4968
4	4970
4	4972
4	4974
4	4976
4	4978
4	4980
4	4982
4	4984
4	4986
4	4988
4	4990
4	4992
4	4994
4	4996
4	4998
1	j4751
1	j4753
1	j4755
1	j4757
1	j4759
1	j4761
1	j4763
1	j4765
1	j4767
1	j4769
1	j4771
1	j4773
1	j4775
1	j4777
1	j4779
1	j4781
1	j4783
1	j4785
1	j4787
1	j4789
1	j4791
1	j4793
1	j4795
1	j4797
1	j4799
1	j4801
1	j4803
1	j4805
1	j4807
1	j4809
1	j4811
1	j4813
1	j4815
1	j4817
1	j4819
1	j4821
1	j4823
1	j4825
1	j4827
1	j4829
1	j4831
1	j4833
1	j4835
1	j4837
1	j4839
1	j4841
1	j4843
1	j4845
1	j4847
1	j4849
1	j4851
1	j4853
1	j4855
1	j4857
1	j4859
1	j4861
1	j4863
1	j4865
1	j4867
1	j4869
1	j4871
1	j4873
1	j4875
1	j4877
1	j4879
1	j4881
1	j4883
1	j4885
1	j4887
1	j4889
1	j4891
1	j4893
1	j4895
1	j4897
1	j4899
1	j4901
1	j4903
1	j4905
1	j4907
1	j4909
1	j4911
1	j4913
1	j4915
1	j4917
1	j4919
1	j4921
1	j4923
1	j4925
1	j4927
1	j4929
1	j4931
1	j4933
1	j4935
1	j4937
1	j4939
1	j4941
1	j4943
1	j4945
1	j4947
1	j4949
1	j4951
1	j4953
1	j4955
1	j4957
1	j4959
1	j4961
1	j4963
1	j4965
1	j4967
1	j4969
1	j4971
1	j4973
1	j4975
1	j4977
1	j4979
1	j4981
1	j4983
1	j4985
1	j4987
1	j4989
1	j4991
1	j4993
1	j4995
1	j4997
1	j4999
3	4750
3	4752
3	4754
3	4756
3	4758
3	4760
3	4762
3	4764
3	4766
3	4768
3	4770
3	4772
3	4774
3	4776
3	4778
3	4780
3	4782
3	4784
3	4786
3	4788
3	4790
3	4792
3	4794
3	4796
3	4798
3	4800
3	4802
3	4804
3	4806
3	4808
3	4810
3	4812
3	4814
3	4816
3	4818
3	4820
3	4822
3	4824
3	4826
3	4828
3	4830
3	4832
3	4834
3	4836
3	4838
3	4840
3	4842
3	4844
3	4846
3	4848
3	4850
3	4852
3	4854
3	4856
3	4858
3	4860
3	4862
3	4864
3	4866
3	4868
3	4870
3	4872
3	4874
3	4876
3	4878
3	4880
3	4882
3	4884
3	4886
3	4888
3	4890
3	4892
3	4894
3	4896
3	4898
3	4900
3	4902
3	4904
3	4906
3	4908
3	4910
3	4912
3	4914
3	4916
3	4918
3	4920
3	4922
3	4924
3	4926
3	4928
3	4930
3	4932
3	4934
3	4936
3	4938
3	4940
3	4942
3	4944
3	4946
3	4948
3	4950
3	4952
3	4954
3	4956
3	4958
3	4960
3	4962
3	4964
3	4966
3	4968
3	4970
3	4972
3	4974
3	4976
3	4978
3	4980
3	4982
3	4984
3	4986
3	4988
3	4990
3	4992
3	4994
3	4996
3	4998
5	4750
5	4752
5	4754
5	4756
5	4758
5	4760
5	4762
5	4764
5	4766
5	4768
5	4770
5	4772
5	4774
5	4776
5	4778
5	4780
5	4782
5	4784
5	4786
5	4788
5	4790
5	4792
5	4794
5	4796
5	4798
5	4800
5	4802
5	4804
5	4806
5	4808
5	4810
5	4812
5	4814
5	4816
5	4818
5	4820
5	4822
5	4824
5	4826
5	4828
5	4830
5	4832
5	4834
5	4836
5	4838
5	4840
5	4842
5	4844
5	4846
5	4848
5	4850
5	4852
5	4854
5	4856
5	4858
5	4860
5	4862
5	4864
5	4866
5	4868
5	4870
5	4872
5	4874
5	4876
5	4878
5	4880
5	4882
5	4884
5	4886
5	4888
5	4890
5	4892
5	4894
5	4896
5	4898
5	4900
5	4902
5	4904
5	4906
5	4908
5	4910
5	4912
5	4914
5	4916
5	4918
5	4920
5	4922
5	4924
5	4926
5	4928
5	4930
5	4932
5	4934
5	4936
5	4938
5	4940
5	4942
5	4944
5	4946
5	4948
5	4950
5	4952
5	4954
5	4956
5	4958
5	4960
5	4962
5	4964
5	4966
5	4968
5	4970
5	4972
5	4974
5	4976
5	4978
5	4980
5	4982
5	4984
5	4986
5	4988
5	4990
5	4992
5	4994
5	4996
5	4998
4	4750
4	4752
4	4754
4	4756
4	4758
4	4760
4	4762
4	4764
4	4766
4	4768
4	4770
4	4772
4	4774
4	4776
4	4778
4	4780
4	4782
4	4784
4	4786
4	4788
4	4790
4	4792
4	4794
4	4796
4	4798
4	4800
4	4802
4	4804
4	4806
4	4808
4	4810
4	4812
4	4814
4	4816
4	4818
4	4820
4	4822
4	4824
4	4826
4	4828
4	4830
4	4832
4	4834
4	4836
4	4838
4	4840
4	4842
4	4844
4	4846
4	4848
4	4850
4	4852
4	4854
4	4856
4	4858
4	4860
4	4862
4	4864
4	4866
4	4868
4	4870
4	4872
4	4874
4	4876
4	4878
4	4880
4	4882
4	4884
4	4886
4	4888
4	4890
4	4892
4	4894
4	4896
4	4898
4	4900
4	4902
4	4904
4	4906
4	4908
4	4910
4	4912
4	4914
4	4916
4	4918
4	4920
4	4922
4	4924
4	4926
4	4928
4	4930
4	4932
4	4934
4	4936
4	4938
4	4940
4	4942
4	4944
4	4946
4	4948
4	4950
4	4952
4	4954
4	4956
4	4958
4	4960
4	4962
4	4964
4	4966
4	4968
4	4970
4	4972
4	4974
4	4976
4	4978
4	4980
4	4982
4	4984
4	4986
4	4988
4	4990
4	4992
4	4994
4	4996
4	4998
3	4751
3	4753
3	4755
3	4757
3	4759
3	4761
3	4763
3	4765
3	4767
3	4769
3	4771
3	4773
3	4775
3	4777
3	4779
3	4781
3	4783
3	4785
3	4787
3	4789
3	4791
3	4793
3	4795
3	4797
3	4799
3	4801
3	4803
3	4805
3	4807
3	4809
3	4811
3	4813
3	4815
3	4817
3	4819
3	4821
3	4823
3	4825
3	4827
3	4829
3	4831
3	4833
3	4835
3	4837
3	4839
3	4841
3	4843
3	4845
3	4847
3	4849
3	4851
3	4853
3	4855
3	4857
3	4859
3	4861
3	4863
3	4865
3	4867
3	4869
3	4871
3	4873
3	4875
3	4877
3	4879
3	4881
3	4883
3	4885
3	4887
3	4889
3	4891
3	4893
3	4895
3	4897
3	4899
3	4901
3	4903
3	4905
3	4907
3	4909
3	4911
3	4913
3	4915
3	4917
3	4919
3	4921
3	4923
3	4925
3	4927
3	4929
3	4931
3	4933
3	4935
3	4937
3	4939
3	4941
3	4943
3	4945
3	4947
3	4949
3	4951
3	4953
3	4955
3	4957
3	4959
3	4961
3	4963
3	4965
3	4967
3	4969
3	4971
3	4973
3	4975
3	4977
3	4979
3	4981
3	4983
3	4985
3	4987
3	4989
3	4991
3	4993
3	4995
3	4997
3	4999
5	4751
5	4753
5	4755
5	4757
5	4759
5	4761
5	4763
5	4765
5	4767
5	4769
5	4771
5	4773
5	4775
5	4777
5	4779
5	4781
5	4783
5	4785
5	4787
5	4789
5	4791
5	4793
5	4795
5	4797
5	4799
5	4801
5	4803
5	4805
5	4807
5	4809
5	4811
5	4813
5	4815
5	4817
5	4819
5	4821
5	4823
5	4825
5	4827
5	4829
5	4831
5	4833
5	4835
5	4837
5	4839
5	4841
5	4843
5	4845
5	4847
5	4849
5	4851
5	4853
5	4855
5	4857
5	4859
5	4861
5	4863
5	4865
5	4867
5	4869
5	4871
5	4873
5	4875
5	4877
5	4879
5	4881
5	4883
5	4885
5	4887
5	4889
5	4891
5	4893
5	4895
5	4897
5	4899
5	4901
5	4903
5	4905
5	4907
5	4909
5	4911
5	4913
5	4915
5	4917
5	4919
5	4921
5	4923
5	4925
5	4927
5	4929
5	4931
5	4933
5	4935
5	4937
5	4939
5	4941
5	4943
5	4945
5	4947
5	4949
5	4951
5	4953
5	4955
5	4957
5	4959
5	4961
5	4963
5	4965
5	4967
5	4969
5	4971
5	4973
5	4975
5	4977
5	4979
5	4981
5	4983
5	4985
5	4987
5	4989
5	4991
5	4993
5	4995
5	4997
5	4999
4	4751
4	4753
4	4755
4	4757
4	4759
4	4761
4	4763
4	4765
4	4767
4	4769
4	4771
4	4773
4	4775
4	4777
4	4779
4	4781
4	4783
4	4785
4	4787
4	4789
4	4791
4	4793
4	4795
4	4797
4	4799
4	4801
4	4803
4	4805
4	4807
4	4809
4	4811
4	4813
4	4815
4	4817
4	4819
4	4821
4	4823
4	4825
4	4827
4	4829
4	4831
4	4833
4	4835
4	4837
4	4839
4	4841
4	4843
4	4845
4	4847
4	4849
4	4851
4	4853
4	4855
4	4857
4	4859
4	4861
4	4863
4	4865
4	4867
4	4869
4	4871
4	4873
4	4875
4	4877
4	4879
4	4881
4	4883
4	4885
4	4887
4	4889
4	4891
4	4893
4	4895
4	4897
4	4899
4	4901
4	4903
4	4905
4	4907
4	4909
4	4911
4	4913
4	4915
4	4917
4	4919
4	4921
4	4923
4	4925
4	4927
4	4929
4	4931
4	4933
4	4935
4	4937
4	4939
4	4941
4	4943
4	4945
4	4947
4	4949
4	4951
4	4953
4	4955
4	4957
4	4959
4	4961
4	4963
4	4965
4	4967
4	4969
4	4971
4	4973
4	4975
4	4977
4	4979
4	4981
4	4983
4	4985
4	4987
4	4989
4	4991
4	4993
4	4995
4	4997
4	4999
6	4750
6	4752
6	4754
6	4756
6	4758
6	4760
6	4762
6	4764
6	4766
6	4768
6	4770
6	4772
6	4774
6	4776
6	4778
6	4780
6	4782
6	4784
6	4786
6	4788
6	4790
6	4792
6	4794
6	4796
6	4798
6	4800
6	4802
6	4804
6	4806
6	4808
6	4810
6	4812
6	4814
6	4816
6	4818
6	4820
6	4822
6	4824
6	4826
6	4828
6	4830
6	4832
6	4834
6	4836
6	4838
6	4840
6	4842
6	4844
6	4846
6	4848
6	4850
6	4852
6	4854
6	4856
6	4858
6	4860
6	4862
6	4864
6	4866
6	4868
6	4870
6	4872
6	4874
6	4876
6	4878
6	4880
6	4882
6	4884
6	4886
6	4888
6	4890
6	4892
6	4894
6	4896
6	4898
6	4900
6	4902
6	4904
6	4906
6	4908
6	4910
6	4912
6	4914
6	4916
6	4918
6	4920
6	4922
6	4924
6	4926
6	4928
6	4930
6	4932
6	4934
6	4936
6	4938
6	4940
6	4942
6	4944
6	4946
6	4948
6	4950
6	4952
6	4954
6	4956
6	4958
6	4960
6	4962
6	4964
6	4966
6	4968
6	4970
6	4972
6	4974
6	4976
6	4978
6	4980
6	4982
6	4984
6	4986
6	4988
6	4990
6	4992
6	4994
6	4996
6	4998
7	4750:0:0:1
7	4752:0:0:1
7	4754:2:0:0
7	4756:2:0:0
7	4758:3:0:7
7	4760:4:0:7
7	4762:1:0:1
7	4764:0:0:1
7	4766:4:0:7
7	4768:4:0:7
7	4770:0:0:1
7	4772:1:0:2
7	4774:1:0:2
7	4776:2:0:0
7	4778:3:0:7
7	4780:4:0:7
7	4782:4:0:7
7	4784:1:0:1
7	4786:1:0:1
7	4788:1:0:2
7	4790:0:0:1
7	4792:4:0:7
7	4794:3:0:7
7	4796:4:0:7
7	4798:2:0:0
7	4800:4:0:7
7	4802:4:0:7
7	4804:0:0:1
7	4806:2:0:0
7	4808:3:0:7
7	4810:2:0:0
7	4812:1:0:1
7	4814:4:0:7
7	4816:4:0:7
7	4818:1:0:2
7	4820:4:0:7
7	4822:4:0:7
7	4824:1:0:1
7	4826:4:0:7
7	4828:1:0:2
7	4830:0:0:1
7	4832:1:0:2
7	4834:2:0:0
7	4836:3:0:7
7	4838:2:0:0
7	4840:2:0:0
7	4842:4:0:7
7	4844:1:0:2
7	4846:0:0:1
7	4848:4:0:7
7	4850:0:0:1
7	4852:1:0:2
7	4854:4:0:7
7	4856:2:0:0
7	4858:4:0:7
7	4860:0:0:1
7	4862:4:0:7
7	4864:4:0:7
7	4866:3:0:7
7	4868:2:0:0
7	4870:4:0:7
7	4872:2:0:0
7	4874:4:0:7
7	4876:4:0:7
7	4878:4:0:7
7	4880:2:0:0
7	4882:3:0:7
7	4884:4:0:7
7	4886:2:0:0
7	4888:2:0:0
7	4890:1:0:2
7	4892:1:0:2
7	4894:3:0:7
7	4896:4:0:7
7	4898:1:0:2
7	4900:1:0:1
7	4902:4:0:7
7	4904:3:0:7
7	4906:0:0:1
7	4908:2:0:0
7	4910:4:0:7
7	4912:4:0:7
7	4914:4:0:7
7	4916:4:0:7
7	4918:0:0:1
7	4920:4:0:7
7	4922:1:0:1
7	4924:4:0:7
7	4926:4:0:7
7	4928:2:0:0
7	4930:4:0:7
7	4932:2:0:0
7	4934:4:0:7
7	4936:3:0:7
7	4938:4:0:7
7	4940:4:0:7
7	4942:2:0:0
7	4944:2:0:0
7	4946:4:0:7
7	4948:2:0:0
7	4950:4:0:7
7	4952:0:0:1
7	4954:1:0:2
7	4956:4:0:7
7	4958:4:0:7
7	4960:4:0:7
7	4962:1:0:1
7	4964:0:0:1
7	4966:4:0:7
7	4968:0:0:1
7	4970:2:0:0
7	4972:0:0:1
7	4974:1:0:2
7	4976:4:0:7
7	4978:0:0:1
7	4980:4:0:7
7	4982:2:0:0
7	4984:0:0:1
7	4986:0:0:1
7	4988:1:0:1
7	4990:1:0:2
7	4992:0:0:1
7	4994:3:0:7
7	4996:2:0:0
7	4998:4:0:7
6	4750
6	4752
6	4754
6	4756
6	4758
6	4760
6	4762
6	4764
6	4766
6	4768
6	4770
7	4772:1:0:7
7	4774:1:0:7
6	4776
6	4778
6	4780
6	4782
6	4784
6	4786
7	4788:1:0:7
6	4790
6	4792
6	4794
6	4796
6	4798
6	4800
6	4802
6	4804
6	4806
6	4808
6	4810
6	4812
6	4814
6	4816
7	4818:1:0:7
6	4820
6	4822
6	4824
6	4826
7	4828:1:0:7
6	4830
7	4832:1:0:7
6	4834
6	4836
6	4838
6	4840
6	4842
7	4844:1:0:7
6	4846
6	4848
6	4850
7	4852:1:0:7
6	4854
6	4856
6	4858
6	4860
6	4862
6	4864
6	4866
6	4868
6	4870
6	4872
6	4874
6	4876
6	4878
6	4880
6	4882
6	4884
6	4886
6	4888
7	4890:1:0:7
7	4892:1:0:7
6	4894
6	4896
7	4898:1:0:7
6	4900
6	4902
6	4904
6	4906
6	4908
6	4910
6	4912
6	4914
6	4916
6	4918
6	4920
6	4922
6	4924
6	4926
6	4928
6	4930
6	4932
6	4934
6	4936
6	4938
6	4940
6	4942
6	4944
6	4946
6	4948
6	4950
6	4952
7	4954:1:0:7
6	4956
6	4958
6	4960
6	4962
6	4964
6	4966
6	4968
6	4970
6	4972
7	4974:1:0:7
6	4976
6	4978
6	4980
6	4982
6	4984
6	4986
6	4988
7	4990:1:0:7
6	4992
6	4994
6	4996
6	4998
5	4750
5	4752
5	4754
5	4756
5	4758
5	4760
5	4762
5	4764
5	4766
5	4768
5	4770
6	4772
6	4774
5	4776
5	4778
5	4780
5	4782
5	4784
5	4786
6	4788
5	4790
5	4792
5	4794
5	4796
5	4798
5	4800
5	4802
5	4804
5	4806
5	4808
5	4810
5	4812
5	4814
5	4816
6	4818
5	4820
5	4822
5	4824
5	4826
6	4828
5	4830
6	4832
5	4834
5	4836
5	4838
5	4840
5	4842
6	4844
5	4846
5	4848
5	4850
6	4852
5	4854
5	4856
5	4858
5	4860
5	4862
5	4864
5	4866
5	4868
5	4870
5	4872
5	4874
5	4876
5	4878
5	4880
5	4882
5	4884
5	4886
5	4888
6	4890
6	4892
5	4894
5	4896
6	4898
5	4900
5	4902
5	4904
5	4906
5	4908
5	4910
5	4912
5	4914
5	4916
5	4918
5	4920
5	4922
5	4924
5	4926
5	4928
5	4930
5	4932
5	4934
5	4936
5	4938
5	4940
5	4942
5	4944
5	4946
5	4948
5	4950
5	4952
6	4954
5	4956
5	4958
5	4960
5	4962
5	4964
5	4966
5	4968
5	4970
5	4972
6	4974
5	4976
5	4978
5	4980
5	4982
5	4984
5	4986
5	4988
6	4990
5	4992
5	4994
5	4996
5	4998
5	4751
5	4753
5	4755
5	4757
5	4759
5	4761
5	4763
5	4765
5	4767
5	4769
5	4771
5	4772
5	4774
5	4777
5	4779
5	4781
5	4783
5	4785
5	4787
5	4788
5	4791
5	4793
5	4795
5	4797
5	4799
5	4801
5	4803
5	4805
5	4807
5	4809
5	4811
5	4813
5	4815
5	4817
5	4818
5	4821
5	4823
5	4825
5	4827
5	4828
5	4831
5	4832
5	4835
5	4837
5	4839
5	4841
5	4843
5	4844
5	4847
5	4849
5	4851
5	4852
5	4855
5	4857
5	4859
5	4861
5	4863
5	4865
5	4867
5	4869
5	4871
5	4873
5	4875
5	4877
5	4879
5	4881
5	4883
5	4885
5	4887
5	4889
5	4890
5	4892
5	4895
5	4897
5	4898
5	4901
5	4903
5	4905
5	4907
5	4909
5	4911
5	4913
5	4915
5	4917
5	4919
5	4921
5	4923
5	4925
5	4927
5	4929
5	4931
5	4933
5	4935
5	4937
5	4939
5	4941
5	4943
5	4945
5	4947
5	4949
5	4951
5	4953
5	4954
5	4957
5	4959
5	4961
5	4963
5	4965
5	4967
5	4969
5	4971
5	4973
5	4974
5	4977
5	4979
5	4981
5	4983
5	4985
5	4987
5	4989
5	4990
5	4993
5	4995
5	4997
5	4999
6	4751
6	4753
6	4755
6	4757
6	4759
6	4761
6	4763
6	4765
6	4767
6	4769
6	4771
5	4773
5	4775
6	4777
6	4779
6	4781
6	4783
6	4785
6	4787
5	4789
6	4791
6	4793
6	4795
6	4797
6	4799
6	4801
6	4803
6	4805
6	4807
6	4809
6	4811
6	4813
6	4815
6	4817
5	4819
6	4821
6	4823
6	4825
6	4827
5	4829
6	4831
5	4833
6	4835
6	4837
6	4839
6	4841
6	4843
5	4845
6	4847
6	4849
6	4851
5	4853
6	4855
6	4857
6	4859
6	4861
6	4863
6	4865
6	4867
6	4869
6	4871
6	4873
6	4875
6	4877
6	4879
6	4881
6	4883
6	4885
6	4887
6	4889
5	4891
5	4893
6	4895
6	4897
5	4899
6	4901
6	4903
6	4905
6	4907
6	4909
6	4911
6	4913
6	4915
6	4917
6	4919
6	4921
6	4923
6	4925
6	4927
6	4929
6	4931
6	4933
6	4935
6	4937
6	4939
6	4941
6	4943
6	4945
6	4947
6	4949
6	4951
6	4953
5	4955
6	4957
6	4959
6	4961
6	4963
6	4965
6	4967
6	4969
6	4971
6	4973
5	4975
6	4977
6	4979
6	4981
6	4983
6	4985
6	4987
6	4989
5	4991
6	4993
6	4995
6	4997
6	4999
7	4751:3:4:5
7	4753:3:4:5
7	4755:2:4:5
7	4757:0:4:3
7	4759:4:4:5
7	4761:0:4:4
7	4763:1:4:3
7	4765:3:4:5
7	4767:4:4:4
7	4769:4:4:4
7	4771:3:4:5
6	4773
6	4775
7	4777:0:4:3
7	4779:4:4:5
7	4781:4:4:4
7	4783:0:4:4
7	4785:1:4:3
7	4787:1:4:3
6	4789
7	4791:3:4:5
7	4793:4:4:4
7	4795:4:4:5
7	4797:4:4:4
7	4799:0:4:3
7	4801:4:4:4
7	4803:4:4:4
7	4805:4:4:4
7	4807:2:4:5
7	4809:4:4:5
7	4811:2:4:5
7	4813:1:4:3
7	4815:4:4:4
7	4817:0:4:4
6	4819
7	4821:4:4:4
7	4823:4:4:5
7	4825:1:4:3
7	4827:4:4:5
6	4829
7	4831:3:4:5
6	4833
7	4835:2:4:5
7	4837:4:4:5
7	4839:0:4:3
7	4841:0:4:3
7	4843:4:4:4
6	4845
7	4847:3:4:5
7	4849:4:4:4
7	4851:3:4:5
6	4853
7	4855:4:4:5
7	4857:2:4:5
7	4859:4:4:5
7	4861:3:4:5
7	4863:0:4:4
7	4865:0:4:4
7	4867:4:4:5
7	4869:2:4:5
7	4871:0:4:4
7	4873:0:4:3
7	4875:4:4:4
7	4877:4:4:5
7	4879:0:4:4
7	4881:2:4:5
7	4883:4:4:5
7	4885:4:4:5
7	4887:0:4:3
7	4889:0:4:3
6	4891
6	4893
7	4895:4:4:5
7	4897:0:4:4
6	4899
7	4901:1:4:3
7	4903:4:4:5
7	4905:4:4:5
7	4907:3:4:5
7	4909:2:4:5
7	4911:0:4:4
7	4913:4:4:4
7	4915:4:4:5
7	4917:4:4:5
7	4919:3:4:5
7	4921:0:4:4
7	4923:1:4:3
7	4925:4:4:4
7	4927:4:4:4
7	4929:0:4:3
7	4931:4:4:4
7	4933:0:4:3
7	4935:0:4:4
7	4937:4:4:5
7	4939:4:4:5
7	4941:4:4:4
7	4943:0:4:3
7	4945:2:4:5
7	4947:4:4:4
7	4949:0:4:3
7	4951:4:4:4
7	4953:3:4:5
6	4955
7	4957:4:4:4
7	4959:4:4:4
7	4961:4:4:4
7	4963:1:4:3
7	4965:4:4:4
7	4967:0:4:4
7	4969:4:4:4
7	4971:0:4:3
7	4973:4:4:4
6	4975
7	4977:4:4:4
7	4979:4:4:4
7	4981:4:4:4
7	4983:0:4:3
7	4985:4:4:4
7	4987:4:4:4
7	4989:1:4:3
6	4991
7	4993:3:4:5
7	4995:4:4:5
7	4997:2:4:5
7	4999:4:4:5
6	4751
6	4753
6	4755
6	4757
6	4759
6	4761
6	4763
6	4765
6	4767
6	4769
6	4771
7	4773:0:4:3
7	4775:0:4:3
6	4777
6	4779
6	4781
6	4783
6	4785
6	4787
7	4789:0:4:3
6	4791
6	4793
6	4795
6	4797
6	4799
6	4801
6	4803
6	4805
6	4807
6	4809
6	4811
6	4813
6	4815
6	4817
7	4819:0:4:3
6	4821
6	4823
6	4825
6	4827
7	4829:0:4:3
6	4831
7	4833:0:4:3
6	4835
6	4837
6	4839
6	4841
6	4843
7	4845:0:4:3
6	4847
6	4849
6	4851
7	4853:0:4:3
6	4855
6	4857
6	4859
6	4861
6	4863
6	4865
6	4867
6	4869
6	4871
6	4873
6	4875
6	4877
6	4879
6	4881
6	4883
6	4885
6	4887
6	4889
7	4891:0:4:3
7	4893:0:4:3
6	4895
6	4897
7	4899:0:4:3
6	4901
6	4903
6	4905
6	4907
6	4909
6	4911
6	4913
6	4915
6	4917
6	4919
6	4921
6	4923
6	4925
6	4927
6	4929
6	4931
6	4933
6	4935
6	4937
6	4939
6	4941
6	4943
6	4945
6	4947
6	4949
6	4951
6	4953
7	4955:0:4:3
6	4957
6	4959
6	4961
6	4963
6	4965
6	4967
6	4969
6	4971
6	4973
7	4975:0:4:3
6	4977
6	4979
6	4981
6	4983
6	4985
6	4987
6	4989
7	4991:0:4:3
6	4993
6	4995
6	4997
6	4999
5	4750
5	4752
5	4754
5	4756
5	4758
5	4760
5	4762
5	4764
5	4766
5	4768
5	4770
6	4773
6	4775
5	4776
5	4778
5	4780
5	4782
5	4784
5	4786
6	4789
5	4790
5	4792
5	4794
5	4796
5	4798
5	4800
5	4802
5	4804
5	4806
5	4808
5	4810
5	4812
5	4814
5	4816
6	4819
5	4820
5	4822
5	4824
5	4826
6	4829
5	4830
6	4833
5	4834
5	4836
5	4838
5	4840
5	4842
6	4845
5	4846
5	4848
5	4850
6	4853
5	4854
5	4856
5	4858
5	4860
5	4862
5	4864
5	4866
5	4868
5	4870
5	4872
5	4874
5	4876
5	4878
5	4880
5	4882
5	4884
5	4886
5	4888
6	4891
6	4893
5	4894
5	4896
6	4899
5	4900
5	4902
5	4904
5	4906
5	4908
5	4910
5	4912
5	4914
5	4916
5	4918
5	4920
5	4922
5	4924
5	4926
5	4928
5	4930
5	4932
5	4934
5	4936
5	4938
5	4940
5	4942
5	4944
5	4946
5	4948
5	4950
5	4952
6	4955
5	4956
5	4958
5	4960
5	4962
5	4964
5	4966
5	4968
5	4970
5	4972
6	4975
5	4976
5	4978
5	4980
5	4982
5	4984
5	4986
5	4988
6	4991
5	4992
5	4994
5	4996
5	4998
5	4751
5	4753
5	4755
5	4757
5	4759
5	4761
5	4763
5	4765
5	4767
5	4769
5	4771
5	4772
5	4774
5	4777
5	4779
5	4781
5	4783
5	4785
5	4787
5	4788
5	4791
5	4793
5	4795
5	4797
5	4799
5	4801
5	4803
5	4805
5	4807
5	4809
5	4811
5	4813
5	4815
5	4817
5	4818
5	4821
5	4823
5	4825
5	4827
5	4828
5	4831
5	4832
5	4835
5	4837
5	4839
5	4841
5	4843
5	4844
5	4847
5	4849
5	4851
5	4852
5	4855
5	4857
5	4859
5	4861
5	4863
5	4865
5	4867
5	4869
5	4871
5	4873
5	4875
5	4877
5	4879
5	4881
5	4883
5	4885
5	4887
5	4889
5	4890
5	4892
5	4895
5	4897
5	4898
5	4901
5	4903
5	4905
5	4907
5	4909
5	4911
5	4913
5	4915
5	4917
5	4919
5	4921
5	4923
5	4925
5	4927
5	4929
5	4931
5	4933
5	4935
5	4937
5	4939
5	4941
5	4943
5	4945
5	4947
5	4949
5	4951
5	4953
5	4954
5	4957
5	4959
5	4961
5	4963
5	4965
5	4967
5	4969
5	4971
5	4973
5	4974
5	4977
5	4979
5	4981
5	4983
5	4985
5	4987
5	4989
5	4990
5	4993
5	4995
5	4997
5	4999
6	4750
6	4752
6	4754
6	4756
6	4758
6	4760
6	4762
6	4764
6	4766
6	4768
6	4770
5	4773
5	4775
6	4776
6	4778
6	4780
6	4782
6	4784
6	4786
5	4789
6	4790
6	4792
6	4794
6	4796
6	4798
6	4800
6	4802
6	4804
6	4806
6	4808
6	4810
6	4812
6	4814
6	4816
5	4819
6	4820
6	4822
6	4824
6	4826
5	4829
6	4830
5	4833
6	4834
6	4836
6	4838
6	4840
6	4842
5	4845
6	4846
6	4848
6	4850
5	4853
6	4854
6	4856
6	4858
6	4860
6	4862
6	4864
6	4866
6	4868
6	4870
6	4872
6	4874
6	4876
6	4878
6	4880
6	4882
6	4884
6	4886
6	4888
5	4891
5	4893
6	4894
6	4896
5	4899
6	4900
6	4902
6	4904
6	4906
6	4908
6	4910
6	4912
6	4914
6	4916
6	4918
6	4920
6	4922
6	4924
6	4926
6	4928
6	4930
6	4932
6	4934
6	4936
6	4938
6	4940
6	4942
6	4944
6	4946
6	4948
6	4950
6	4952
5	4955
6	4956
6	4958
6	4960
6	4962
6	4964
6	4966
6	4968
6	4970
6	4972
5	4975
6	4976
6	4978
6	4980
6	4982
6	4984
6	4986
6	4988
5	4991
6	4992
6	4994
6	4996
6	4998
7	4750:4:0:7
7	4752:4:0:7
7	4754:3:0:7
7	4756:0:0:1
7	4758:0:0:1
7	4760:3:0:2
7	4762:0:0:0
7	4764:4:0:7
7	4766:3:0:0
7	4768:3:0:0
7	4770:4:0:7
6	4772
6	4774
7	4776:0:0:1
7	4778:0:0:1
7	4780:3:0:0
7	4782:3:0:2
7	4784:0:0:0
7	4786:0:0:0
6	4788
7	4790:4:0:7
7	4792:3:0:0
7	4794:0:0:1
7	4796:3:0:0
7	4798:0:0:1
7	4800:3:0:0
7	4802:3:0:0
7	4804:1:0:0
7	4806:3:0:7
7	4808:0:0:1
7	4810:3:0:7
7	4812:0:0:0
7	4814:3:0:0
7	4816:3:0:2
6	4818
7	4820:3:0:0
7	4822:3:0:0
7	4824:0:0:0
7	4826:3:0:0
6	4828
7	4830:4:0:7
6	4832
7	4834:3:0:7
7	4836:0:0:1
7	4838:0:0:1
7	4840:0:0:1
7	4842:3:0:0
6	4844
7	4846:4:0:7
7	4848:3:0:0
7	4850:4:0:7
6	4852
7	4854:3:0:0
7	4856:3:0:7
7	4858:3:0:0
7	4860:4:0:7
7	4862:3:0:2
7	4864:3:0:2
7	4866:0:0:1
7	4868:3:0:7
7	4870:3:0:2
7	4872:0:0:1
7	4874:3:0:0
7	4876:3:0:0
7	4878:3:0:2
7	4880:3:0:7
7	4882:0:0:1
7	4884:3:0:0
7	4886:0:0:1
7	4888:0:0:1
6	4890
6	4892
7	4894:0:0:1
7	4896:3:0:2
6	4898
7	4900:0:0:0
7	4902:3:0:0
7	4904:0:0:1
7	4906:4:0:7
7	4908:3:0:7
7	4910:3:0:2
7	4912:3:0:0
7	4914:3:0:0
7	4916:3:0:0
7	4918:4:0:7
7	4920:3:0:2
7	4922:0:0:0
7	4924:3:0:0
7	4926:3:0:0
7	4928:0:0:1
7	4930:3:0:0
7	4932:0:0:1
7	4934:3:0:2
7	4936:0:0:1
7	4938:3:0:0
7	4940:3:0:0
7	4942:0:0:1
7	4944:3:0:7
7	4946:3:0:0
7	4948:0:0:1
7	4950:3:0:0
7	4952:4:0:7
6	4954
7	4956:3:0:0
7	4958:3:0:0
7	4960:3:0:0
7	4962:0:0:0
7	4964:1:0:0
7	4966:3:0:2
7	4968:1:0:0
7	4970:0:0:1
7	4972:1:0:0
6	4974
7	4976:3:0:0
7	4978:1:0:0
7	4980:3:0:0
7	4982:0:0:1
7	4984:1:0:0
7	4986:1:0:0
7	4988:0:0:0
6	4990
7	4992:4:0:7
7	4994:0:0:1
7	4996:3:0:7
7	4998:3:0:0
6	4750
6	4752
6	4754
6	4756
7	4758:4:0:7
6	4760
6	4762
6	4764
6	4766
6	4768
6	4770
7	4772:0:1:2
7	4774:0:1:2
6	4776
7	4778:4:0:7
6	4780
6	4782
6	4784
6	4786
7	4788:0:1:2
6	4790
6	4792
7	4794:4:0:7
6	4796
6	4798
6	4800
6	4802
6	4804
6	4806
7	4808:4:0:7
6	4810
6	4812
6	4814
6	4816
7	4818:0:1:2
6	4820
6	4822
6	4824
6	4826
7	4828:0:1:2
6	4830
7	4832:0:1:2
6	4834
7	4836:4:0:7
6	4838
6	4840
6	4842
7	4844:0:1:2
6	4846
6	4848
6	4850
7	4852:0:1:2
6	4854
6	4856
6	4858
6	4860
6	4862
6	4864
7	4866:4:0:7
6	4868
6	4870
6	4872
6	4874
6	4876
6	4878
6	4880
7	4882:4:0:7
6	4884
6	4886
6	4888
7	4890:0:1:2
7	4892:0:1:2
7	4894:4:0:7
6	4896
7	4898:0:1:2
6	4900
6	4902
7	4904:4:0:7
6	4906
6	4908
6	4910
6	4912
6	4914
6	4916
6	4918
6	4920
6	4922
6	4924
6	4926
6	4928
6	4930
6	4932
6	4934
7	4936:4:0:7
6	4938
6	4940
6	4942
6	4944
6	4946
6	4948
6	4950
6	4952
7	4954:0:1:2
6	4956
6	4958
6	4960
6	4962
6	4964
6	4966
6	4968
6	4970
6	4972
7	4974:0:1:2
6	4976
6	4978
6	4980
6	4982
6	4984
6	4986
6	4988
7	4990:0:1:2
6	4992
7	4994:4:0:7
6	4996
6	4998
5	4750
5	4752
5	4754
5	4756
6	4758
5	4760
5	4762
5	4764
5	4766
5	4768
5	4770
6	4772
6	4774
5	4776
6	4778
5	4780
5	4782
5	4784
5	4786
6	4788
5	4790
5	4792
6	4794
5	4796
5	4798
5	4800
5	4802
5	4804
5	4806
6	4808
5	4810
5	4812
5	4814
5	4816
6	4818
5	4820
5	4822
5	4824
5	4826
6	4828
5	4830
6	4832
5	4834
6	4836
5	4838
5	4840
5	4842
6	4844
5	4846
5	4848
5	4850
6	4852
5	4854
5	4856
5	4858
5	4860
5	4862
5	4864
6	4866
5	4868
5	4870
5	4872
5	4874
5	4876
5	4878
5	4880
6	4882
5	4884
5	4886
5	4888
6	4890
6	4892
6	4894
5	4896
6	4898
5	4900
5	4902
6	4904
5	4906
5	4908
5	4910
5	4912
5	4914
5	4916
5	4918
5	4920
5	4922
5	4924
5	4926
5	4928
5	4930
5	4932
5	4934
6	4936
5	4938
5	4940
5	4942
5	4944
5	4946
5	4948
5	4950
5	4952
6	4954
5	4956
5	4958
5	4960
5	4962
5	4964
5	4966
5	4968
5	4970
5	4972
6	4974
5	4976
5	4978
5	4980
5	4982
5	4984
5	4986
5	4988
6	4990
5	4992
6	4994
5	4996
5	4998
5	4751
5	4753
5	4755
5	4757
5	4758
5	4761
5	4763
5	4765
5	4767
5	4769
5	4771
5	4772
5	4774
5	4777
5	4778
5	4781
5	4783
5	4785
5	4787
5	4788
5	4791
5	4793
5	4794
5	4797
5	4799
5	4801
5	4803
5	4805
5	4807
5	4808
5	4811
5	4813
5	4815
5	4817
5	4818
5	4821
5	4823
5	4825
5	4827
5	4828
5	4831
5	4832
5	4835
5	4836
5	4839
5	4841
5	4843
5	4844
5	4847
5	4849
5	4851
5	4852
5	4855
5	4857
5	4859
5	4861
5	4863
5	4865
5	4866
5	4869
5	4871
5	4873
5	4875
5	4877
5	4879
5	4881
5	4882
5	4885
5	4887
5	4889
5	4890
5	4892
5	4894
5	4897
5	4898
5	4901
5	4903
5	4904
5	4907
5	4909
5	4911
5	4913
5	4915
5	4917
5	4919
5	4921
5	4923
5	4925
5	4927
5	4929
5	4931
5	4933
5	4935
5	4936
5	4939
5	4941
5	4943
5	4945
5	4947
5	4949
5	4951
5	4953
5	4954
5	4957
5	4959
5	4961
5	4963
5	4965
5	4967
5	4969
5	4971
5	4973
5	4974
5	4977
5	4979
5	4981
5	4983
5	4985
5	4987
5	4989
5	4990
5	4993
5	4994
5	4997
5	4999
6	4751
6	4753
6	4755
6	4757
5	4759
6	4761
6	4763
6	4765
6	4767
6	4769
6	4771
5	4773
5	4775
6	4777
5	4779
6	4781
6	4783
6	4785
6	4787
5	4789
6	4791
6	4793
5	4795
6	4797
6	4799
6	4801
6	4803
6	4805
6	4807
5	4809
6	4811
6	4813
6	4815
6	4817
5	4819
6	4821
6	4823
6	4825
6	4827
5	4829
6	4831
5	4833
6	4835
5	4837
6	4839
6	4841
6	4843
5	4845
6	4847
6	4849
6	4851
5	4853
6	4855
6	4857
6	4859
6	4861
6	4863
6	4865
5	4867
6	4869
6	4871
6	4873
6	4875
6	4877
6	4879
6	4881
5	4883
6	4885
6	4887
6	4889
5	4891
5	4893
5	4895
6	4897
5	4899
6	4901
6	4903
5	4905
6	4907
6	4909
6	4911
6	4913
6	4915
6	4917
6	4919
6	4921
6	4923
6	4925
6	4927
6	4929
6	4931
6	4933
6	4935
5	4937
6	4939
6	4941
6	4943
6	4945
6	4947
6	4949
6	4951
6	4953
5	4955
6	4957
6	4959
6	4961
6	4963
6	4965
6	4967
6	4969
6	4971
6	4973
5	4975
6	4977
6	4979
6	4981
6	4983
6	4985
6	4987
6	4989
5	4991
6	4993
5	4995
6	4997
6	4999
7	4751:1:3:2
7	4753:1:3:2
7	4755:1:4:4
7	4757:3:1:2
6	4759
7	4761:3:4:5
7	4763:0:4:3
7	4765:1:3:2
7	4767:3:4:0
7	4769:3:4:0
7	4771:1:3:2
6	4773
6	4775
7	4777:3:1:2
6	4779
7	4781:3:4:0
7	4783:3:4:5
7	4785:0:4:3
7	4787:0:4:3
6	4789
7	4791:1:3:2
7	4793:3:4:0
6	4795
7	4797:3:4:0
7	4799:3:1:2
7	4801:3:4:0
7	4803:3:4:0
7	4805:2:4:4
7	4807:1:4:4
6	4809
7	4811:1:4:4
7	4813:0:4:3
7	4815:3:4:0
7	4817:3:4:5
6	4819
7	4821:3:4:0
7	4823:1:4:3
7	4825:0:4:3
7	4827:1:4:3
6	4829
7	4831:1:3:2
6	4833
7	4835:1:4:4
6	4837
7	4839:3:1:2
7	4841:3:1:2
7	4843:3:4:0
6	4845
7	4847:1:3:2
7	4849:3:4:0
7	4851:1:3:2
6	4853
7	4855:1:4:3
7	4857:1:4:4
7	4859:1:4:3
7	4861:1:3:2
7	4863:3:4:5
7	4865:3:4:5
6	4867
7	4869:1:4:4
7	4871:3:4:5
7	4873:3:1:2
7	4875:3:4:0
7	4877:1:4:3
7	4879:3:4:5
7	4881:1:4:4
6	4883
7	4885:1:4:3
7	4887:3:1:2
7	4889:3:1:2
6	4891
6	4893
6	4895
7	4897:3:4:5
6	4899
7	4901:0:4:3
7	4903:1:4:3
6	4905
7	4907:1:3:2
7	4909:1:4:4
7	4911:3:4:5
7	4913:3:4:0
7	4915:1:4:3
7	4917:1:4:3
7	4919:1:3:2
7	4921:3:4:5
7	4923:0:4:3
7	4925:3:4:0
7	4927:3:4:0
7	4929:3:1:2
7	4931:3:4:0
7	4933:3:1:2
7	4935:3:4:5
6	4937
7	4939:1:4:3
7	4941:3:4:0
7	4943:3:1:2
7	4945:1:4:4
7	4947:3:4:0
7	4949:3:1:2
7	4951:3:4:0
7	4953:1:3:2
6	4955
7	4957:3:4:0
7	4959:3:4:0
7	4961:3:4:0
7	4963:0:4:3
7	4965:2:4:4
7	4967:3:4:5
7	4969:2:4:4
7	4971:3:1:2
7	4973:2:4:4
6	4975
7	4977:3:4:0
7	4979:2:4:4
7	4981:3:4:0
7	4983:3:1:2
7	4985:2:4:4
7	4987:2:4:4
7	4989:0:4:3
6	4991
7	4993:1:3:2
6	4995
7	4997:1:4:4
7	4999:1:4:3
7	4751:1:4:3
7	4753:1:4:3
6	4755
6	4757
7	4759:1:4:3
6	4761
6	4763
7	4765:1:4:3
7	4767:3:4:5
7	4769:3:4:5
7	4771:1:4:3
7	4773:3:4:5
7	4775:3:4:5
6	4777
7	4779:1:4:3
7	4781:3:4:5
6	4783
6	4785
6	4787
7	4789:3:4:5
7	4791:1:4:3
7	4793:3:4:5
7	4795:1:4:3
7	4797:3:4:5
6	4799
7	4801:3:4:5
7	4803:3:4:5
6	4805
6	4807
7	4809:1:4:3
6	4811
6	4813
7	4815:3:4:5
6	4817
7	4819:3:4:5
7	4821:3:4:5
6	4823
6	4825
6	4827
7	4829:3:4:5
7	4831:1:4:3
7	4833:3:4:5
6	4835
7	4837:1:4:3
6	4839
6	4841
7	4843:3:4:5
7	4845:3:4:5
7	4847:1:4:3
7	4849:3:4:5
7	4851:1:4:3
7	4853:3:4:5
6	4855
6	4857
6	4859
7	4861:1:4:3
6	4863
6	4865
7	4867:1:4:3
6	4869
6	4871
6	4873
7	4875:3:4:5
6	4877
6	4879
6	4881
7	4883:1:4:3
6	4885
6	4887
6	4889
7	4891:3:4:5
7	4893:3:4:5
7	4895:1:4:3
6	4897
7	4899:3:4:5
6	4901
6	4903
7	4905:1:4:3
7	4907:1:4:3
6	4909
6	4911
7	4913:3:4:5
6	4915
6	4917
7	4919:1:4:3
6	4921
6	4923
7	4925:3:4:5
7	4927:3:4:5
6	4929
7	4931:3:4:5
6	4933
6	4935
7	4937:1:4:3
6	4939
7	4941:3:4:5
6	4943
6	4945
7	4947:3:4:5
6	4949
7	4951:3:4:5
7	4953:1:4:3
7	4955:3:4:5
7	4957:3:4:5
7	4959:3:4:5
7	4961:3:4:5
6	4963
6	4965
6	4967
6	4969
6	4971
6	4973
7	4975:3:4:5
7	4977:3:4:5
6	4979
7	4981:3:4:5
6	4983
6	4985
6	4987
6	4989
7	4991:3:4:5
7	4993:1:4:3
7	4995:1:4:3
6	4997
6	4999
6	4751
6	4753
5	4754
5	4756
6	4759
5	4760
5	4762
6	4765
6	4767
6	4769
6	4771
6	4773
6	4775
5	4776
6	4779
6	4781
5	4782
5	4784
5	4786
6	4789
6	4791
6	4793
6	4795
6	4797
5	4798
6	4801
6	4803
5	4804
5	4806
6	4809
5	4810
5	4812
6	4815
5	4816
6	4819
6	4821
5	4822
5	4824
5	4826
6	4829
6	4831
6	4833
5	4834
6	4837
5	4838
5	4840
6	4843
6	4845
6	4847
6	4849
6	4851
6	4853
5	4854
5	4856
5	4858
6	4861
5	4862
5	4864
6	4867
5	4868
5	4870
5	4872
6	4875
5	4876
5	4878
5	4880
6	4883
5	4884
5	4886
5	4888
6	4891
6	4893
6	4895
5	4896
6	4899
5	4900
5	4902
6	4905
6	4907
5	4908
5	4910
6	4913
5	4914
5	4916
6	4919
5	4920
5	4922
6	4925
6	4927
5	4928
6	4931
5	4932
5	4934
6	4937
5	4938
6	4941
5	4942
5	4944
6	4947
5	4948
6	4951
6	4953
6	4955
6	4957
6	4959
6	4961
5	4962
5	4964
5	4966
5	4968
5	4970
5	4972
6	4975
6	4977
5	4978
6	4981
5	4982
5	4984
5	4986
5	4988
6	4991
6	4993
6	4995
5	4996
5	4998
5	4750
5	4752
5	4755
5	4757
5	4758
5	4761
5	4763
5	4764
5	4766
5	4768
5	4770
5	4772
5	4774
5	4777
5	4778
5	4780
5	4783
5	4785
5	4787
5	4788
5	4790
5	4792
5	4794
5	4796
5	4799
5	4800
5	4802
5	4805
5	4807
5	4808
5	4811
5	4813
5	4814
5	4817
5	4818
5	4820
5	4823
5	4825
5	4827
5	4828
5	4830
5	4832
5	4835
5	4836
5	4839
5	4841
5	4842
5	4844
5	4846
5	4848
5	4850
5	4852
5	4855
5	4857
5	4859
5	4860
5	4863
5	4865
5	4866
5	4869
5	4871
5	4873
5	4874
5	4877
5	4879
5	4881
5	4882
5	4885
5	4887
5	4889
5	4890
5	4892
5	4894
5	4897
5	4898
5	4901
5	4903
5	4904
5	4906
5	4909
5	4911
5	4912
5	4915
5	4917
5	4918
5	4921
5	4923
5	4924
5	4926
5	4929
5	4930
5	4933
5	4935
5	4936
5	4939
5	4940
5	4943
5	4945
5	4946
5	4949
5	4950
5	4952
5	4954
5	4956
5	4958
5	4960
5	4963
5	4965
5	4967
5	4969
5	4971
5	4973
5	4974
5	4976
5	4979
5	4980
5	4983
5	4985
5	4987
5	4989
5	4990
5	4992
5	4994
5	4997
5	4999
5	4751
5	4753
6	4754
6	4756
5	4759
6	4760
6	4762
5	4765
5	4767
5	4769
5	4771
5	4773
5	4775
6	4776
5	4779
5	4781
6	4782
6	4784
6	4786
5	4789
5	4791
5	4793
5	4795
5	4797
6	4798
5	4801
5	4803
6	4804
6	4806
5	4809
6	4810
6	4812
5	4815
6	4816
5	4819
5	4821
6	4822
6	4824
6	4826
5	4829
5	4831
5	4833
6	4834
5	4837
6	4838
6	4840
5	4843
5	4845
5	4847
5	4849
5	4851
5	4853
6	4854
6	4856
6	4858
5	4861
6	4862
6	4864
5	4867
6	4868
6	4870
6	4872
5	4875
6	4876
6	4878
6	4880
5	4883
6	4884
6	4886
6	4888
5	4891
5	4893
5	4895
6	4896
5	4899
6	4900
6	4902
5	4905
5	4907
6	4908
6	4910
5	4913
6	4914
6	4916
5	4919
6	4920
6	4922
5	4925
5	4927
6	4928
5	4931
6	4932
6	4934
5	4937
6	4938
5	4941
6	4942
6	4944
5	4947
6	4948
5	4951
5	4953
5	4955
5	4957
5	4959
5	4961
6	4962
6	4964
6	4966
6	4968
6	4970
6	4972
5	4975
5	4977
6	4978
5	4981
6	4982
6	4984
6	4986
6	4988
5	4991
5	4993
5	4995
6	4996
6	4998
6	4750
6	4752
7	4754:4:0:6
7	4756:1:0:0
6	4758
7	4760:1:0:1
7	4762:0:3:2
6	4764
6	4766
6	4768
6	4770
6	4772
6	4774
7	4776:1:0:0
6	4778
6	4780
7	4782:1:0:1
7	4784:0:3:2
7	4786:0:3:2
6	4788
6	4790
6	4792
6	4794
6	4796
7	4798:1:0:0
6	4800
6	4802
7	4804:3:0:1
7	4806:4:0:6
6	4808
7	4810:4:0:6
7	4812:0:3:2
6	4814
7	4816:1:0:1
6	4818
6	4820
7	4822:0:0:0
7	4824:0:3:2
7	4826:0:0:0
6	4828
6	4830
6	4832
7	4834:4:0:6
6	4836
7	4838:1:0:0
7	4840:1:0:0
6	4842
6	4844
6	4846
6	4848
6	4850
6	4852
7	4854:0:0:0
7	4856:4:0:6
7	4858:0:0:0
6	4860
7	4862:1:0:1
7	4864:1:0:1
6	4866
7	4868:4:0:6
7	4870:1:0:1
7	4872:1:0:0
6	4874
7	4876:0:0:0
7	4878:1:0:1
7	4880:4:0:6
6	4882
7	4884:0:0:0
7	4886:1:0:0
7	4888:1:0:0
6	4890
6	4892
6	4894
7	4896:1:0:1
6	4898
7	4900:0:3:2
7	4902:0:0:0
6	4904
6	4906
7	4908:4:0:6
7	4910:1:0:1
6	4912
7	4914:0:0:0
7	4916:0:0:0
6	4918
7	4920:1:0:1
7	4922:0:3:2
6	4924
6	4926
7	4928:1:0:0
6	4930
7	4932:1:0:0
7	4934:1:0:1
6	4936
7	4938:0:0:0
6	4940
7	4942:1:0:0
7	4944:4:0:6
6	4946
7	4948:1:0:0
6	4950
6	4952
6	4954
6	4956
6	4958
6	4960
7	4962:0:3:2
7	4964:3:0:1
7	4966:1:0:1
7	4968:3:0:1
7	4970:1:0:0
7	4972:3:0:1
6	4974
6	4976
7	4978:3:0:1
6	4980
7	4982:1:0:0
7	4984:3:0:1
7	4986:3:0:1
7	4988:0:3:2
6	4990
6	4992
6	4994
7	4996:4:0:6
7	4998:0:0:0
7	4750:1:3:2
7	4752:1:3:2
6	4754
6	4756
7	4758:1:0:1
6	4760
6	4762
7	4764:1:3:2
7	4766:1:3:2
7	4768:1:3:2
7	4770:1:3:2
7	4772:2:1:0
7	4774:2:1:0
6	4776
7	4778:1:0:1
7	4780:1:3:2
6	4782
6	4784
6	4786
7	4788:2:1:0
7	4790:1:3:2
7	4792:1:3:2
7	4794:1:0:1
7	4796:1:3:2
6	4798
7	4800:1:3:2
7	4802:1:3:2
7	4804:3:0:7
6	4806
7	4808:1:0:1
6	4810
6	4812
7	4814:1:3:2
6	4816
7	4818:2:1:0
7	4820:1:3:2
6	4822
6	4824
6	4826
7	4828:2:1:0
7	4830:1:3:2
7	4832:2:1:0
6	4834
7	4836:1:0:1
6	4838
6	4840
7	4842:1:3:2
7	4844:2:1:0
7	4846:1:3:2
7	4848:1:3:2
7	4850:1:3:2
7	4852:2:1:0
6	4854
6	4856
6	4858
7	4860:1:3:2
6	4862
6	4864
7	4866:1:0:1
6	4868
6	4870
6	4872
7	4874:1:3:2
6	4876
6	4878
6	4880
7	4882:1:0:1
6	4884
6	4886
6	4888
7	4890:2:1:0
7	4892:2:1:0
7	4894:1:0:1
6	4896
7	4898:2:1:0
6	4900
6	4902
7	4904:1:0:1
7	4906:1:3:2
6	4908
6	4910
7	4912:1:3:2
6	4914
6	4916
7	4918:1:3:2
6	4920
6	4922
7	4924:1:3:2
7	4926:1:3:2
6	4928
7	4930:1:3:2
6	4932
6	4934
7	4936:1:0:1
6	4938
7	4940:1:3:2
6	4942
6	4944
7	4946:1:3:2
6	4948
7	4950:1:3:2
7	4952:1:3:2
7	4954:2:1:0
7	4956:1:3:2
7	4958:1:3:2
7	4960:1:3:2
6	4962
7	4964:3:0:7
6	4966
7	4968:3:0:7
6	4970
7	4972:3:0:7
7	4974:2:1:0
7	4976:1:3:2
7	4978:3:0:7
7	4980:1:3:2
6	4982
7	4984:3:0:7
7	4986:3:0:7
6	4988
7	4990:2:1:0
7	4992:1:3:2
7	4994:1:0:1
6	4996
6	4998
6	4750
6	4752
5	4754
5	4756
6	4758
5	4760
5	4762
6	4764
6	4766
6	4768
6	4770
6	4772
6	4774
5	4776
6	4778
6	4780
5	4782
5	4784
5	4786
6	4788
6	4790
6	4792
6	4794
6	4796
5	4798
6	4800
6	4802
7	4804:4:0:7
5	4806
6	4808
5	4810
5	4812
6	4814
5	4816
6	4818
6	4820
5	4822
5	4824
5	4826
6	4828
6	4830
6	4832
5	4834
6	4836
5	4838
5	4840
6	4842
6	4844
6	4846
6	4848
6	4850
6	4852
5	4854
5	4856
5	4858
6	4860
5	4862
5	4864
6	4866
5	4868
5	4870
5	4872
6	4874
5	4876
5	4878
5	4880
6	4882
5	4884
5	4886
5	4888
6	4890
6	4892
6	4894
5	4896
6	4898
5	4900
5	4902
6	4904
6	4906
5	4908
5	4910
6	4912
5	4914
5	4916
6	4918
5	4920
5	4922
6	4924
6	4926
5	4928
6	4930
5	4932
5	4934
6	4936
5	4938
6	4940
5	4942
5	4944
6	4946
5	4948
6	4950
6	4952
6	4954
6	4956
6	4958
6	4960
5	4962
7	4964:4:0:7
5	4966
7	4968:4:0:7
5	4970
7	4972:4:0:7
6	4974
6	4976
7	4978:4:0:7
6	4980
5	4982
7	4984:4:0:7
7	4986:4:0:7
5	4988
6	4990
6	4992
6	4994
5	4996
5	4998
5	4750
5	4752
5	4755
5	4757
5	4758
5	4761
5	4763
5	4764
5	4766
5	4768
5	4770
5	4772
5	4774
5	4777
5	4778
5	4780
5	4783
5	4785
5	4787
5	4788
5	4790
5	4792
5	4794
5	4796
5	4799
5	4800
5	4802
6	4804
5	4807
5	4808
5	4811
5	4813
5	4814
5	4817
5	4818
5	4820
5	4823
5	4825
5	4827
5	4828
5	4830
5	4832
5	4835
5	4836
5	4839
5	4841
5	4842
5	4844
5	4846
5	4848
5	4850
5	4852
5	4855
5	4857
5	4859
5	4860
5	4863
5	4865
5	4866
5	4869
5	4871
5	4873
5	4874
5	4877
5	4879
5	4881
5	4882
5	4885
5	4887
5	4889
5	4890
5	4892
5	4894
5	4897
5	4898
5	4901
5	4903
5	4904
5	4906
5	4909
5	4911
5	4912
5	4915
5	4917
5	4918
5	4921
5	4923
5	4924
5	4926
5	4929
5	4930
5	4933
5	4935
5	4936
5	4939
5	4940
5	4943
5	4945
5	4946
5	4949
5	4950
5	4952
5	4954
5	4956
5	4958
5	4960
5	4963
6	4964
5	4967
6	4968
5	4971
6	4972
5	4974
5	4976
6	4978
5	4980
5	4983
6	4984
6	4986
5	4989
5	4990
5	4992
5	4994
5	4997
5	4999
5	4751
5	4753
6	4755
6	4757
5	4759
6	4761
6	4763
5	4765
5	4767
5	4769
5	4771
5	4773
5	4775
6	4777
5	4779
5	4781
6	4783
6	4785
6	4787
5	4789
5	4791
5	4793
5	4795
5	4797
6	4799
5	4801
5	4803
5	4804
6	4807
5	4809
6	4811
6	4813
5	4815
6	4817
5	4819
5	4821
6	4823
6	4825
6	4827
5	4829
5	4831
5	4833
6	4835
5	4837
6	4839
6	4841
5	4843
5	4845
5	4847
5	4849
5	4851
5	4853
6	4855
6	4857
6	4859
5	4861
6	4863
6	4865
5	4867
6	4869
6	4871
6	4873
5	4875
6	4877
6	4879
6	4881
5	4883
6	4885
6	4887
6	4889
5	4891
5	4893
5	4895
6	4897
5	4899
6	4901
6	4903
5	4905
5	4907
6	4909
6	4911
5	4913
6	4915
6	4917
5	4919
6	4921
6	4923
5	4925
5	4927
6	4929
5	4931
6	4933
6	4935
5	4937
6	4939
5	4941
6	4943
6	4945
5	4947
6	4949
5	4951
5	4953
5	4955
5	4957
5	4959
5	4961
6	4963
5	4964
6	4967
5	4968
6	4971
5	4972
5	4975
5	4977
5	4978
5	4981
6	4983
5	4984
5	4986
6	4989
5	4991
5	4993
5	4995
6	4997
6	4999
6	4751
6	4753
7	4755:3:4:4
7	4757:3:4:3
6	4759
7	4761:4:4:5
7	4763:3:4:5
6	4765
6	4767
6	4769
6	4771
6	4773
6	4775
7	4777:3:4:3
6	4779
6	4781
7	4783:4:4:5
7	4785:3:4:5
7	4787:3:4:5
6	4789
6	4791
6	4793
6	4795
6	4797
7	4799:3:4:3
6	4801
6	4803
5	4805
7	4807:3:4:4
6	4809
7	4811:3:4:4
7	4813:3:4:5
6	4815
7	4817:4:4:5
6	4819
6	4821
7	4823:4:1:6
7	4825:3:4:5
7	4827:4:1:6
6	4829
6	4831
6	4833
7	4835:3:4:4
6	4837
7	4839:3:4:3
7	4841:3:4:3
6	4843
6	4845
6	4847
6	4849
6	4851
6	4853
7	4855:4:1:6
7	4857:3:4:4
7	4859:4:1:6
6	4861
7	4863:4:4:5
7	4865:4:4:5
6	4867
7	4869:3:4:4
7	4871:4:4:5
7	4873:3:4:3
6	4875
7	4877:4:1:6
7	4879:4:4:5
7	4881:3:4:4
6	4883
7	4885:4:1:6
7	4887:3:4:3
7	4889:3:4:3
6	4891
6	4893
6	4895
7	4897:4:4:5
6	4899
7	4901:3:4:5
7	4903:4:1:6
6	4905
6	4907
7	4909:3:4:4
7	4911:4:4:5
6	4913
7	4915:4:1:6
7	4917:4:1:6
6	4919
7	4921:4:4:5
7	4923:3:4:5
6	4925
6	4927
7	4929:3:4:3
6	4931
7	4933:3:4:3
7	4935:4:4:5
6	4937
7	4939:4:1:6
6	4941
7	4943:3:4:3
7	4945:3:4:4
6	4947
7	4949:3:4:3
6	4951
6	4953
6	4955
6	4957
6	4959
6	4961
7	4963:3:4:5
5	4965
7	4967:4:4:5
5	4969
7	4971:3:4:3
5	4973
6	4975
6	4977
5	4979
6	4981
7	4983:3:4:3
5	4985
5	4987
7	4989:3:4:5
6	4991
6	4993
6	4995
7	4997:3:4:4
7	4999:4:1:6
7	4751:0:4:3
7	4753:0:4:3
6	4755
6	4757
7	4759:4:1:6
6	4761
6	4763
7	4765:0:4:3
7	4767:1:4:4
7	4769:1:4:4
7	4771:0:4:3
7	4773:4:4:5
7	4775:4:4:5
6	4777
7	4779:4:1:6
7	4781:1:4:4
6	4783
6	4785
6	4787
7	4789:4:4:5
7	4791:0:4:3
7	4793:1:4:4
7	4795:4:1:6
7	4797:1:4:4
6	4799
7	4801:1:4:4
7	4803:1:4:4
6	4805
6	4807
7	4809:4:1:6
6	4811
6	4813
7	4815:1:4:4
6	4817
7	4819:4:4:5
7	4821:1:4:4
6	4823
6	4825
6	4827
7	4829:4:4:5
7	4831:0:4:3
7	4833:4:4:5
6	4835
7	4837:4:1:6
6	4839
6	4841
7	4843:1:4:4
7	4845:4:4:5
7	4847:0:4:3
7	4849:1:4:4
7	4851:0:4:3
7	4853:4:4:5
6	4855
6	4857
6	4859
7	4861:0:4:3
6	4863
6	4865
7	4867:4:1:6
6	4869
6	4871
6	4873
7	4875:1:4:4
6	4877
6	4879
6	4881
7	4883:4:1:6
6	4885
6	4887
6	4889
7	4891:4:4:5
7	4893:4:4:5
7	4895:4:1:6
6	4897
7	4899:4:4:5
6	4901
6	4903
7	4905:4:1:6
7	4907:0:4:3
6	4909
6	4911
7	4913:1:4:4
6	4915
6	4917
7	4919:0:4:3
6	4921
6	4923
7	4925:1:4:4
7	4927:1:4:4
6	4929
7	4931:1:4:4
6	4933
6	4935
7	4937:4:1:6
6	4939
7	4941:1:4:4
6	4943
6	4945
7	4947:1:4:4
6	4949
7	4951:1:4:4
7	4953:0:4:3
7	4955:4:4:5
7	4957:1:4:4
7	4959:1:4:4
7	4961:1:4:4
6	4963
6	4965
6	4967
6	4969
6	4971
6	4973
7	4975:4:4:5
7	4977:1:4:4
6	4979
7	4981:1:4:4
6	4983
6	4985
6	4987
6	4989
7	4991:4:4:5
7	4993:0:4:3
7	4995:4:1:6
6	4997
6	4999
6	4751
6	4753
5	4754
5	4756
6	4759
5	4760
5	4762
6	4765
6	4767
6	4769
6	4771
6	4773
6	4775
5	4776
6	4779
6	4781
5	4782
5	4784
5	4786
6	4789
6	4791
6	4793
6	4795
6	4797
5	4798
6	4801
6	4803
7	4805:0:4:4
5	4806
6	4809
5	4810
5	4812
6	4815
5	4816
6	4819
6	4821
5	4822
5	4824
5	4826
6	4829
6	4831
6	4833
5	4834
6	4837
5	4838
5	4840
6	4843
6	4845
6	4847
6	4849
6	4851
6	4853
5	4854
5	4856
5	4858
6	4861
5	4862
5	4864
6	4867
5	4868
5	4870
5	4872
6	4875
5	4876
5	4878
5	4880
6	4883
5	4884
5	4886
5	4888
6	4891
6	4893
6	4895
5	4896
6	4899
5	4900
5	4902
6	4905
6	4907
5	4908
5	4910
6	4913
5	4914
5	4916
6	4919
5	4920
5	4922
6	4925
6	4927
5	4928
6	4931
5	4932
5	4934
6	4937
5	4938
6	4941
5	4942
5	4944
6	4947
5	4948
6	4951
6	4953
6	4955
6	4957
6	4959
6	4961
5	4962
7	4965:0:4:4
5	4966
7	4969:0:4:4
5	4970
7	4973:0:4:4
6	4975
6	4977
7	4979:0:4:4
6	4981
5	4982
7	4985:0:4:4
7	4987:0:4:4
5	4988
6	4991
6	4993
6	4995
5	4996
5	4998
5	4750
5	4752
5	4755
5	4757
5	4758
5	4761
5	4763
5	4764
5	4766
5	4768
5	4770
5	4772
5	4774
5	4777
5	4778
5	4780
5	4783
5	4785
5	4787
5	4788
5	4790
5	4792
5	4794
5	4796
5	4799
5	4800
5	4802
6	4805
5	4807
5	4808
5	4811
5	4813
5	4814
5	4817
5	4818
5	4820
5	4823
5	4825
5	4827
5	4828
5	4830
5	4832
5	4835
5	4836
5	4839
5	4841
5	4842
5	4844
5	4846
5	4848
5	4850
5	4852
5	4855
5	4857
5	4859
5	4860
5	4863
5	4865
5	4866
5	4869
5	4871
5	4873
5	4874
5	4877
5	4879
5	4881
5	4882
5	4885
5	4887
5	4889
5	4890
5	4892
5	4894
5	4897
5	4898
5	4901
5	4903
5	4904
5	4906
5	4909
5	4911
5	4912
5	4915
5	4917
5	4918
5	4921
5	4923
5	4924
5	4926
5	4929
5	4930
5	4933
5	4935
5	4936
5	4939
5	4940
5	4943
5	4945
5	4946
5	4949
5	4950
5	4952
5	4954
5	4956
5	4958
5	4960
5	4963
6	4965
5	4967
6	4969
5	4971
6	4973
5	4974
5	4976
6	4979
5	4980
5	4983
6	4985
6	4987
5	4989
5	4990
5	4992
5	4994
5	4997
5	4999
5	4751
5	4753
6	4754
6	4756
5	4759
6	4760
6	4762
5	4765
5	4767
5	4769
5	4771
5	4773
5	4775
6	4776
5	4779
5	4781
6	4782
6	4784
6	4786
5	4789
5	4791
5	4793
5	4795
5	4797
6	4798
5	4801
5	4803
5	4804
6	4806
5	4809
6	4810
6	4812
5	4815
6	4816
5	4819
5	4821
6	4822
6	4824
6	4826
5	4829
5	4831
5	4833
6	4834
5	4837
6	4838
6	4840
5	4843
5	4845
5	4847
5	4849
5	4851
5	4853
6	4854
6	4856
6	4858
5	4861
6	4862
6	4864
5	4867
6	4868
6	4870
6	4872
5	4875
6	4876
6	4878
6	4880
5	4883
6	4884
6	4886
6	4888
5	4891
5	4893
5	4895
6	4896
5	4899
6	4900
6	4902
5	4905
5	4907
6	4908
6	4910
5	4913
6	4914
6	4916
5	4919
6	4920
6	4922
5	4925
5	4927
6	4928
5	4931
6	4932
6	4934
5	4937
6	4938
5	4941
6	4942
6	4944
5	4947
6	4948
5	4951
5	4953
5	4955
5	4957
5	4959
5	4961
6	4962
5	4964
6	4966
5	4968
6	4970
5	4972
5	4975
5	4977
5	4978
5	4981
6	4982
5	4984
5	4986
6	4988
5	4991
5	4993
5	4995
6	4996
6	4998
6	4750
6	4752
7	4754:0:3:3
7	4756:2:3:4
6	4758
7	4760:4:3:6
7	4762:3:0:7
6	4764
6	4766
6	4768
6	4770
6	4772
6	4774
7	4776:2:3:4
6	4778
6	4780
7	4782:4:3:6
7	4784:3:0:7
7	4786:3:0:7
6	4788
6	4790
6	4792
6	4794
6	4796
7	4798:2:3:4
6	4800
6	4802
5	4805
7	4806:0:3:3
6	4808
7	4810:0:3:3
7	4812:3:0:7
6	4814
7	4816:4:3:6
6	4818
6	4820
7	4822:2:0:1
7	4824:3:0:7
7	4826:2:0:1
6	4828
6	4830
6	4832
7	4834:0:3:3
6	4836
7	4838:2:3:4
7	4840:2:3:4
6	4842
6	4844
6	4846
6	4848
6	4850
6	4852
7	4854:2:0:1
7	4856:0:3:3
7	4858:2:0:1
6	4860
7	4862:4:3:6
7	4864:4:3:6
6	4866
7	4868:0:3:3
7	4870:4:3:6
7	4872:2:3:4
6	4874
7	4876:2:0:1
7	4878:4:3:6
7	4880:0:3:3
6	4882
7	4884:2:0:1
7	4886:2:3:4
7	4888:2:3:4
6	4890
6	4892
6	4894
7	4896:4:3:6
6	4898
7	4900:3:0:7
7	4902:2:0:1
6	4904
6	4906
7	4908:0:3:3
7	4910:4:3:6
6	4912
7	4914:2:0:1
7	4916:2:0:1
6	4918
7	4920:4:3:6
7	4922:3:0:7
6	4924
6	4926
7	4928:2:3:4
6	4930
7	4932:2:3:4
7	4934:4:3:6
6	4936
7	4938:2:0:1
6	4940
7	4942:2:3:4
7	4944:0:3:3
6	4946
7	4948:2:3:4
6	4950
6	4952
6	4954
6	4956
6	4958
6	4960
7	4962:3:0:7
5	4965
7	4966:4:3:6
5	4969
7	4970:2:3:4
5	4973
6	4974
6	4976
5	4979
6	4980
7	4982:2:3:4
5	4985
5	4987
7	4988:3:0:7
6	4990
6	4992
6	4994
7	4996:0:3:3
7	4998:2:0:1
7	4750:2:0:0
7	4752:2:0:0
6	4754
6	4756
7	4758:0:0:0
6	4760
6	4762
7	4764:2:0:0
7	4766:2:0:0
7	4768:2:0:0
7	4770:2:0:0
7	4772:2:0:0
7	4774:2:0:0
6	4776
7	4778:0:0:0
7	4780:2:0:0
6	4782
6	4784
6	4786
7	4788:2:0:0
7	4790:2:0:0
7	4792:2:0:0
7	4794:0:0:0
7	4796:2:0:0
6	4798
7	4800:2:0:0
7	4802:2:0:0
6	4804
6	4806
7	4808:0:0:0
6	4810
6	4812
7	4814:2:0:0
6	4816
7	4818:2:0:0
7	4820:2:0:0
6	4822
6	4824
6	4826
7	4828:2:0:0
7	4830:2:0:0
7	4832:2:0:0
6	4834
7	4836:0:0:0
6	4838
6	4840
7	4842:2:0:0
7	4844:2:0:0
7	4846:2:0:0
7	4848:2:0:0
7	4850:2:0:0
7	4852:2:0:0
6	4854
6	4856
6	4858
7	4860:2:0:0
6	4862
6	4864
7	4866:0:0:0
6	4868
6	4870
6	4872
7	4874:2:0:0
6	4876
6	4878
6	4880
7	4882:0:0:0
6	4884
6	4886
6	4888
7	4890:2:0:0
7	4892:2:0:0
7	4894:0:0:0
6	4896
7	4898:2:0:0
6	4900
6	4902
7	4904:0:0:0
7	4906:2:0:0
6	4908
6	4910
7	4912:2:0:0
6	4914
6	4916
7	4918:2:0:0
6	4920
6	4922
7	4924:2:0:0
7	4926:2:0:0
6	4928
7	4930:2:0:0
6	4932
6	4934
7	4936:0:0:0
6	4938
7	4940:2:0:0
6	4942
6	4944
7	4946:2:0:0
6	4948
7	4950:2:0:0
7	4952:2:0:0
7	4954:2:0:0
7	4956:2:0:0
7	4958:2:0:0
7	4960:2:0:0
6	4962
6	4964
6	4966
6	4968
6	4970
6	4972
7	4974:2:0:0
7	4976:2:0:0
6	4978
7	4980:2:0:0
6	4982
6	4984
6	4986
6	4988
7	4990:2:0:0
7	4992:2:0:0
7	4994:0:0:0
6	4996
6	4998
6	4750
6	4752
5	4754
5	4756
6	4758
5	4760
5	4762
6	4764
6	4766
6	4768
6	4770
6	4772
6	4774
5	4776
6	4778
6	4780
5	4782
5	4784
5	4786
6	4788
6	4790
6	4792
6	4794
6	4796
5	4798
6	4800
6	4802
7	4804:2:2:3
5	4806
6	4808
5	4810
5	4812
6	4814
5	4816
6	4818
6	4820
5	4822
5	4824
5	4826
6	4828
6	4830
6	4832
5	4834
6	4836
5	4838
5	4840
6	4842
6	4844
6	4846
6	4848
6	4850
6	4852
5	4854
5	4856
5	4858
6	4860
5	4862
5	4864
6	4866
5	4868
5	4870
5	4872
6	4874
5	4876
5	4878
5	4880
6	4882
5	4884
5	4886
5	4888
6	4890
6	4892
6	4894
5	4896
6	4898
5	4900
5	4902
6	4904
6	4906
5	4908
5	4910
6	4912
5	4914
5	4916
6	4918
5	4920
5	4922
6	4924
6	4926
5	4928
6	4930
5	4932
5	4934
6	4936
5	4938
6	4940
5	4942
5	4944
6	4946
5	4948
6	4950
6	4952
6	4954
6	4956
6	4958
6	4960
5	4962
7	4964:2:2:3
5	4966
7	4968:2:2:3
5	4970
7	4972:2:2:3
6	4974
6	4976
7	4978:2:2:3
6	4980
5	4982
7	4984:2:2:3
7	4986:2:2:3
5	4988
6	4990
6	4992
6	4994
5	4996
5	4998
5	4750
5	4752
5	4755
5	4757
5	4758
5	4761
5	4763
5	4764
5	4766
5	4768
5	4770
5	4772
5	4774
5	4777
5	4778
5	4780
5	4783
5	4785
5	4787
5	4788
5	4790
5	4792
5	4794
5	4796
5	4799
5	4800
5	4802
6	4804
5	4807
5	4808
5	4811
5	4813
5	4814
5	4817
5	4818
5	4820
5	4823
5	4825
5	4827
5	4828
5	4830
5	4832
5	4835
5	4836
5	4839
5	4841
5	4842
5	4844
5	4846
5	4848
5	4850
5	4852
5	4855
5	4857
5	4859
5	4860
5	4863
5	4865
5	4866
5	4869
5	4871
5	4873
5	4874
5	4877
5	4879
5	4881
5	4882
5	4885
5	4887
5	4889
5	4890
5	4892
5	4894
5	4897
5	4898
5	4901
5	4903
5	4904
5	4906
5	4909
5	4911
5	4912
5	4915
5	4917
5	4918
5	4921
5	4923
5	4924
5	4926
5	4929
5	4930
5	4933
5	4935
5	4936
5	4939
5	4940
5	4943
5	4945
5	4946
5	4949
5	4950
5	4952
5	4954
5	4956
5	4958
5	4960
5	4963
6	4964
5	4967
6	4968
5	4971
6	4972
5	4974
5	4976
6	4978
5	4980
5	4983
6	4984
6	4986
5	4989
5	4990
5	4992
5	4994
5	4997
5	4999
5	4751
5	4753
6	4755
6	4757
5	4759
6	4761
6	4763
5	4765
5	4767
5	4769
5	4771
5	4773
5	4775
6	4777
5	4779
5	4781
6	4783
6	4785
6	4787
5	4789
5	4791
5	4793
5	4795
5	4797
6	4799
5	4801
5	4803
5	4804
6	4807
5	4809
6	4811
6	4813
5	4815
6	4817
5	4819
5	4821
6	4823
6	4825
6	4827
5	4829
5	4831
5	4833
6	4835
5	4837
6	4839
6	4841
5	4843
5	4845
5	4847
5	4849
5	4851
5	4853
6	4855
6	4857
6	4859
5	4861
6	4863
6	4865
5	4867
6	4869
6	4871
6	4873
5	4875
6	4877
6	4879
6	4881
5	4883
6	4885
6	4887
6	4889
5	4891
5	4893
5	4895
6	4897
5	4899
6	4901
6	4903
5	4905
5	4907
6	4909
6	4911
5	4913
6	4915
6	4917
5	4919
6	4921
6	4923
5	4925
5	4927
6	4929
5	4931
6	4933
6	4935
5	4937
6	4939
5	4941
6	4943
6	4945
5	4947
6	4949
5	4951
5	4953
5	4955
5	4957
5	4959
5	4961
6	4963
5	4964
6	4967
5	4968
6	4971
5	4972
5	4975
5	4977
5	4978
5	4981
6	4983
5	4984
5	4986
6	4989
5	4991
5	4993
5	4995
6	4997
6	4999
2	4750
2	4752
7	4755:1:1:1
7	4757:1:4:5
6	4759
7	4761:2:4:3
7	4763:1:0:2
2	4764
2	4766
2	4768
2	4770
2	4772
2	4774
7	4777:1:4:5
6	4779
2	4780
7	4783:2:4:3
7	4785:1:0:2
7	4787:1:0:2
2	4788
2	4790
2	4792
6	4795
2	4796
7	4799:1:4:5
2	4800
2	4802
5	4805
7	4807:1:1:1
6	4809
7	4811:1:1:1
7	4813:1:0:2
2	4814
7	4817:2:4:3
2	4818
2	4820
7	4823:2:4:4
7	4825:1:0:2
7	4827:2:4:4
2	4828
2	4830
2	4832
7	4835:1:1:1
6	4837
7	4839:1:4:5
7	4841:1:4:5
2	4842
2	4844
2	4846
2	4848
2	4850
2	4852
7	4855:2:4:4
7	4857:1:1:1
7	4859:2:4:4
2	4860
7	4863:2:4:3
7	4865:2:4:3
6	4867
7	4869:1:1:1
7	4871:2:4:3
7	4873:1:4:5
2	4874
7	4877:2:4:4
7	4879:2:4:3
7	4881:1:1:1
6	4883
7	4885:2:4:4
7	4887:1:4:5
7	4889:1:4:5
2	4890
2	4892
6	4895
7	4897:2:4:3
2	4898
7	4901:1:0:2
7	4903:2:4:4
6	4905
2	4906
7	4909:1:1:1
7	4911:2:4:3
2	4912
7	4915:2:4:4
7	4917:2:4:4
2	4918
7	4921:2:4:3
7	4923:1:0:2
2	4924
2	4926
7	4929:1:4:5
2	4930
7	4933:1:4:5
7	4935:2:4:3
6	4937
7	4939:2:4:4
2	4940
7	4943:1:4:5
7	4945:1:1:1
2	4946
7	4949:1:4:5
2	4950
2	4952
2	4954
2	4956
2	4958
2	4960
7	4963:1:0:2
5	4965
7	4967:2:4:3
5	4969
7	4971:1:4:5
5	4973
2	4974
2	4976
5	4979
2	4980
7	4983:1:4:5
5	4985
5	4987
7	4989:1:0:2
2	4990
2	4992
6	4995
7	4997:1:1:1
7	4999:2:4:4
2	4751
2	4753
6	4755
6	4757
7	4759:2:4:4
6	4761
7	4763:0:1:2
2	4765
2	4767
2	4769
2	4771
2	4773
2	4775
6	4777
7	4779:2:4:4
2	4781
6	4783
7	4785:0:1:2
7	4787:0:1:2
2	4789
2	4791
2	4793
7	4795:2:4:4
2	4797
6	4799
2	4801
2	4803
6	4805
6	4807
7	4809:2:4:4
6	4811
7	4813:0:1:2
2	4815
6	4817
2	4819
2	4821
6	4823
7	4825:0:1:2
6	4827
2	4829
2	4831
2	4833
6	4835
7	4837:2:4:4
6	4839
6	4841
2	4843
2	4845
2	4847
2	4849
2	4851
2	4853
6	4855
6	4857
6	4859
2	4861
6	4863
6	4865
7	4867:2:4:4
6	4869
6	4871
6	4873
2	4875
6	4877
6	4879
6	4881
7	4883:2:4:4
6	4885
6	4887
6	4889
2	4891
2	4893
7	4895:2:4:4
6	4897
2	4899
7	4901:0:1:2
6	4903
7	4905:2:4:4
2	4907
6	4909
6	4911
2	4913
6	4915
6	4917
2	4919
6	4921
7	4923:0:1:2
2	4925
2	4927
6	4929
2	4931
6	4933
6	4935
7	4937:2:4:4
6	4939
2	4941
6	4943
6	4945
2	4947
6	4949
2	4951
2	4953
2	4955
2	4957
2	4959
2	4961
7	4963:0:1:2
6	4965
6	4967
6	4969
6	4971
6	4973
2	4975
2	4977
6	4979
2	4981
6	4983
6	4985
6	4987
7	4989:0:1:2
2	4991
2	4993
7	4995:2:4:4
6	4997
6	4999
5	4754
5	4756
6	4759
5	4760
6	4763
5	4776
6	4779
5	4782
6	4785
6	4787
6	4795
5	4798
7	4805:4:1:7
5	4806
6	4809
5	4810
6	4813
5	4816
5	4822
6	4825
5	4826
5	4834
6	4837
5	4838
5	4840
5	4854
5	4856
5	4858
5	4862
5	4864
6	4867
5	4868
5	4870
5	4872
5	4876
5	4878
5	4880
6	4883
5	4884
5	4886
5	4888
6	4895
5	4896
6	4901
5	4902
6	4905
5	4908
5	4910
5	4914
5	4916
5	4920
6	4923
5	4928
5	4932
5	4934
6	4937
5	4938
5	4942
5	4944
5	4948
6	4963
7	4965:4:1:7
5	4966
7	4969:4:1:7
5	4970
7	4973:4:1:7
7	4979:4:1:7
5	4982
7	4985:4:1:7
7	4987:4:1:7
6	4989
6	4995
5	4996
5	4998
5	4755
5	4757
5	4758
5	4761
5	4762
5	4777
5	4778
5	4783
5	4784
5	4786
5	4794
5	4799
6	4805
5	4807
5	4808
5	4811
5	4812
5	4817
5	4823
5	4824
5	4827
5	4835
5	4836
5	4839
5	4841
5	4855
5	4857
5	4859
5	4863
5	4865
5	4866
5	4869
5	4871
5	4873
5	4877
5	4879
5	4881
5	4882
5	4885
5	4887
5	4889
5	4894
5	4897
5	4900
5	4903
5	4904
5	4909
5	4911
5	4915
5	4917
5	4921
5	4922
5	4929
5	4933
5	4935
5	4936
5	4939
5	4943
5	4945
5	4949
5	4962
6	4965
5	4967
6	4969
5	4971
6	4973
6	4979
5	4983
6	4985
6	4987
5	4988
5	4994
5	4997
5	4999
6	4754
6	4756
5	4759
6	4760
5	4763
6	4776
5	4779
6	4782
5	4785
5	4787
5	4795
6	4798
5	4804
6	4806
5	4809
6	4810
5	4813
6	4816
2	4822
5	4825
2	4826
6	4834
5	4837
6	4838
6	4840
2	4854
6	4856
2	4858
6	4862
6	4864
5	4867
6	4868
6	4870
6	4872
2	4876
6	4878
6	4880
5	4883
2	4884
6	4886
6	4888
5	4895
6	4896
5	4901
2	4902
5	4905
6	4908
6	4910
2	4914
2	4916
6	4920
5	4923
6	4928
6	4932
6	4934
5	4937
2	4938
6	4942
6	4944
6	4948
5	4963
5	4964
6	4966
5	4968
6	4970
5	4972
5	4978
6	4982
5	4984
5	4986
5	4989
5	4995
6	4996
2	4998
7	4754:2:3:4
7	4756:1:3:2
2	4758
7	4760:2:0:0
6	4762
7	4776:1:3:2
2	4778
7	4782:2:0:0
6	4784
6	4786
2	4794
7	4798:1:3:2
5	4805
7	4806:2:3:4
2	4808
7	4810:2:3:4
6	4812
7	4816:2:0:0
2	4823
6	4824
2	4827
7	4834:2:3:4
2	4836
7	4838:1:3:2
7	4840:1:3:2
2	4855
7	4856:2:3:4
2	4859
7	4862:2:0:0
7	4864:2:0:0
2	4866
7	4868:2:3:4
7	4870:2:0:0
7	4872:1:3:2
2	4877
7	4878:2:0:0
7	4880:2:3:4
2	4882
2	4885
7	4886:1:3:2
7	4888:1:3:2
2	4894
7	4896:2:0:0
6	4900
2	4903
2	4904
7	4908:2:3:4
7	4910:2:0:0
2	4915
2	4917
7	4920:2:0:0
6	4922
7	4928:1:3:2
7	4932:1:3:2
7	4934:2:0:0
2	4936
2	4939
7	4942:1:3:2
7	4944:2:3:4
7	4948:1:3:2
6	4962
5	4965
7	4966:2:0:0
5	4969
7	4970:1:3:2
5	4973
5	4979
7	4982:1:3:2
5	4985
5	4987
6	4988
2	4994
7	4996:2:3:4
2	4999
6	4754
6	4756
2	4759
6	4760
7	4762:3:3:6
6	4776
2	4779
6	4782
7	4784:3:3:6
7	4786:3:3:6
2	4795
6	4798
6	4804
6	4806
2	4809
6	4810
7	4812:3:3:6
6	4816
7	4824:3:3:6
6	4834
2	4837
6	4838
6	4840
6	4856
6	4862
6	4864
2	4867
6	4868
6	4870
6	4872
6	4878
6	4880
2	4883
6	4886
6	4888
2	4895
6	4896
7	4900:3:3:6
2	4905
6	4908
6	4910
6	4920
7	4922:3:3:6
6	4928
6	4932
6	4934
2	4937
6	4942
6	4944
6	4948
7	4962:3:3:6
6	4964
6	4966
6	4968
6	4970
6	4972
6	4978
6	4982
6	4984
6	4986
7	4988:3:3:6
2	4995
6	4996
5	4754
5	4756
5	4760
6	4762
5	4776
5	4782
6	4784
6	4786
5	4798
7	4804:3:0:0
5	4806
5	4810
6	4812
5	4816
6	4824
5	4834
5	4838
5	4840
5	4856
5	4862
5	4864
5	4868
5	4870
5	4872
5	4878
5	4880
5	4886
5	4888
5	4896
6	4900
5	4908
5	4910
5	4920
6	4922
5	4928
5	4932
5	4934
5	4942
5	4944
5	4948
6	4962
7	4964:3:0:0
5	4966
7	4968:3:0:0
5	4970
7	4972:3:0:0
7	4978:3:0:0
5	4982
7	4984:3:0:0
7	4986:3:0:0
6	4988
5	4996
5	4755
5	4757
5	4761
5	4762
5	4777
5	4783
5	4784
5	4786
5	4799
6	4804
5	4807
5	4811
5	4812
5	4817
5	4824
5	4835
5	4839
5	4841
5	4857
5	4863
5	4865
5	4869
5	4871
5	4873
5	4879
5	4881
5	4887
5	4889
5	4897
5	4900
5	4909
5	4911
5	4921
5	4922
5	4929
5	4933
5	4935
5	4943
5	4945
5	4949
5	4962
6	4964
5	4967
6	4968
5	4971
6	4972
6	4978
5	4983
6	4984
6	4986
5	4988
5	4997
2	4754
6	4757
2	4760
5	4763
6	4777
2	4782
5	4785
5	4787
6	4799
5	4804
2	4806
2	4810
5	4813
2	4816
5	4825
2	4834
6	4839
6	4841
2	4856
2	4862
2	4864
2	4868
2	4870
6	4873
2	4878
2	4880
6	4887
6	4889
2	4896
5	4901
2	4908
2	4910
2	4920
5	4923
6	4929
6	4933
2	4934
6	4943
2	4944
6	4949
5	4963
5	4964
2	4966
5	4968
6	4971
5	4972
5	4978
6	4983
5	4984
5	4986
5	4989
2	4996
2	4755
7	4757:0:3:3
2	4761
6	4763
7	4777:0:3:3
2	4783
6	4785
6	4787
7	4799:0:3:3
5	4805
2	4807
2	4811
6	4813
2	4817
6	4825
2	4835
7	4839:0:3:3
7	4841:0:3:3
2	4857
2	4863
2	4865
2	4869
2	4871
7	4873:0:3:3
2	4879
2	4881
7	4887:0:3:3
7	4889:0:3:3
2	4897
6	4901
2	4909
2	4911
2	4921
6	4923
7	4929:0:3:3
7	4933:0:3:3
2	4935
7	4943:0:3:3
2	4945
7	4949:0:3:3
6	4963
5	4965
2	4967
5	4969
7	4971:0:3:3
5	4973
5	4979
7	4983:0:3:3
5	4985
5	4987
6	4989
2	4997
6	4757
7	4763:2:4:4
6	4777
7	4785:2:4:4
7	4787:2:4:4
6	4799
6	4805
7	4813:2:4:4
7	4825:2:4:4
6	4839
6	4841
6	4873
6	4887
6	4889
7	4901:2:4:4
7	4923:2:4:4
6	4929
6	4933
6	4943
6	4949
7	4963:2:4:4
6	4965
6	4969
6	4971
6	4973
6	4979
6	4983
6	4985
6	4987
7	4989:2:4:4
5	4756
6	4763
5	4776
6	4785
6	4787
5	4798
7	4805:2:1:0
6	4813
6	4825
5	4838
5	4840
5	4872
5	4886
5	4888
6	4901
6	4923
5	4928
5	4932
5	4942
5	4948
6	4963
7	4965:2:1:0
7	4969:2:1:0
5	4970
7	4973:2:1:0
7	4979:2:1:0
5	4982
7	4985:2:1:0
7	4987:2:1:0
6	4989
5	4757
5	4762
5	4777
5	4784
5	4786
5	4799
6	4805
5	4812
5	4824
5	4839
5	4841
5	4873
5	4887
5	4889
5	4900
5	4922
5	4929
5	4933
5	4943
5	4949
5	4962
6	4965
6	4969
5	4971
6	4973
6	4979
5	4983
6	4985
6	4987
5	4988
6	4756
5	4763
6	4776
5	4785
5	4787
6	4798
5	4804
5	4813
5	4825
6	4838
6	4840
6	4872
6	4886
6	4888
5	4901
5	4923
6	4928
6	4932
6	4942
6	4948
5	4963
5	4964
5	4968
6	4970
5	4972
5	4978
6	4982
5	4984
5	4986
5	4989
7	4756:2:0:0
2	4762
7	4776:2:0:0
2	4784
2	4786
7	4798:2:0:0
5	4805
2	4812
2	4824
7	4838:2:0:0
7	4840:2:0:0
7	4872:2:0:0
7	4886:2:0:0
7	4888:2:0:0
2	4900
2	4922
7	4928:2:0:0
7	4932:2:0:0
7	4942:2:0:0
7	4948:2:0:0
2	4962
5	4965
5	4969
7	4970:2:0:0
5	4973
5	4979
7	4982:2:0:0
5	4985
5	4987
2	4988
7	4756:3:3:5
2	4763
7	4776:3:3:5
2	4785
2	4787
7	4798:3:3:5
2	4804
2	4813
2	4825
7	4838:3:3:5
7	4840:3:3:5
7	4872:3:3:5
7	4886:3:3:5
7	4888:3:3:5
2	4901
2	4923
7	4928:3:3:5
7	4932:3:3:5
7	4942:3:3:5
7	4948:3:3:5
2	4963
2	4964
2	4968
7	4970:3:3:5
2	4972
2	4978
7	4982:3:3:5
2	4984
2	4986
2	4989
6	4756
6	4776
6	4798
2	4805
6	4838
6	4840
6	4872
6	4886
6	4888
6	4928
6	4932
6	4942
6	4948
2	4965
2	4969
6	4970
2	4973
2	4979
6	4982
2	4985
2	4987
5	4756
5	4776
5	4798
5	4838
5	4840
5	4872
5	4886
5	4888
5	4928
5	4932
5	4942
5	4948
5	4970
5	4982
5	4757
5	4777
5	4799
5	4839
5	4841
5	4873
5	4887
5	4889
5	4929
5	4933
5	4943
5	4949
5	4971
5	4983
6	4757
6	4777
6	4799
6	4839
6	4841
6	4873
6	4887
6	4889
6	4929
6	4933
6	4943
6	4949
6	4971
6	4983
7	4757:2:1:1
7	4777:2:1:1
7	4799:2:1:1
7	4839:2:1:1
7	4841:2:1:1
7	4873:2:1:1
7	4887:2:1:1
7	4889:2:1:1
7	4929:2:1:1
7	4933:2:1:1
7	4943:2:1:1
7	4949:2:1:1
7	4971:2:1:1
7	4983:2:1:1
6	4757
6	4777
6	4799
6	4839
6	4841
6	4873
6	4887
6	4889
6	4929
6	4933
6	4943
6	4949
6	4971
6	4983
5	4756
5	4776
5	4798
5	4838
5	4840
5	4872
5	4886
5	4888
5	4928
5	4932
5	4942
5	4948
5	4970
5	4982
5	4757
5	4777
5	4799
5	4839
5	4841
5	4873
5	4887
5	4889
5	4929
5	4933
5	4943
5	4949
5	4971
5	4983
6	4756
6	4776
6	4798
6	4838
6	4840
6	4872
6	4886
6	4888
6	4928
6	4932
6	4942
6	4948
6	4970
6	4982
7	4756:2:0:0
7	4776:2:0:0
7	4798:2:0:0
7	4838:2:0:0
7	4840:2:0:0
7	4872:2:0:0
7	4886:2:0:0
7	4888:2:0:0
7	4928:2:0:0
7	4932:2:0:0
7	4942:2:0:0
7	4948:2:0:0
7	4970:2:0:0
7	4982:2:0:0
6	4756
6	4776
6	4798
6	4838
6	4840
6	4872
6	4886
6	4888
6	4928
6	4932
6	4942
6	4948
6	4970
6	4982
5	4756
5	4776
5	4798
5	4838
5	4840
5	4872
5	4886
5	4888
5	4928
5	4932
5	4942
5	4948
5	4970
5	4982
5	4757
5	4777
5	4799
5	4839
5	4841
5	4873
5	4887
5	4889
5	4929
5	4933
5	4943
5	4949
5	4971
5	4983
2	4756
2	4776
2	4798
2	4838
2	4840
2	4872
2	4886
2	4888
2	4928
2	4932
2	4942
2	4948
2	4970
2	4982
2	4757
2	4777
2	4799
2	4839
2	4841
2	4873
2	4887
2	4889
2	4929
2	4933
2	4943
2	4949
2	4971
2	4983
