7452
0	j4500:4500:j4501:4501
0	j4502:4502:j4503:4503
0	j4504:4504:j4505:4505
0	j4506:4506:j4507:4507
0	j4508:4508:j4509:4509
0	j4510:4510:j4511:4511
0	j4512:4512:j4513:4513
0	j4514:4514:j4515:4515
0	j4516:4516:j4517:4517
0	j4518:4518:j4519:4519
0	j4520:4520:j4521:4521
0	j4522:4522:j4523:4523
0	j4524:4524:j4525:4525
0	j4526:4526:j4527:4527
0	j4528:4528:j4529:4529
0	j4530:4530:j4531:4531
0	j4532:4532:j4533:4533
0	j4534:4534:j4535:4535
0	j4536:4536:j4537:4537
0	j4538:4538:j4539:4539
0	j4540:4540:j4541:4541
0	j4542:4542:j4543:4543
0	j4544:4544:j4545:4545
0	j4546:4546:j4547:4547
0	j4548:4548:j4549:4549
0	j4550:4550:j4551:4551
0	j4552:4552:j4553:4553
0	j4554:4554:j4555:4555
0	j4556:4556:j4557:4557
0	j4558:4558:j4559:4559
0	j4560:4560:j4561:4561
0	j4562:4562:j4563:4563
0	j4564:4564:j4565:4565
0	j4566:4566:j4567:4567
0	j4568:4568:j4569:4569
0	j4570:4570:j4571:4571
0	j4572:4572:j4573:4573
0	j4574:4574:j4575:4575
0	j4576:4576:j4577:4577
0	j4578:4578:j4579:4579
0	j4580:4580:j4581:4581
0	j4582:4582:j4583:4583
0	j4584:4584:j4585:4585
0	j4586:4586:j4587:4587
0	j4588:4588:j4589:4589
0	j4590:4590:j4591:4591
0	j4592:4592:j4593:4593
0	j4594:4594:j4595:4595
0	j4596:4596:j4597:4597
0	j4598:4598:j4599:4599
0	j4600:4600:j4601:4601
0	j4602:4602:j4603:4603
0	j4604:4604:j4605:4605
0	j4606:4606:j4607:4607
0	j4608:4608:j4609:4609
0	j4610:4610:j4611:4611
0	j4612:4612:j4613:4613
0	j4614:4614:j4615:4615
0	j4616:4616:j4617:4617
0	j4618:4618:j4619:4619
0	j4620:4620:j4621:4621
0	j4622:4622:j4623:4623
0	j4624:4624:j4625:4625
0	j4626:4626:j4627:4627
0	j4628:4628:j4629:4629
0	j4630:4630:j4631:4631
0	j4632:4632:j4633:4633
0	j4634:4634:j4635:4635
0	j4636:4636:j4637:4637
0	j4638:4638:j4639:4639
0	j4640:4640:j4641:4641
0	j4642:4642:j4643:4643
0	j4644:4644:j4645:4645
0	j4646:4646:j4647:4647
0	j4648:4648:j4649:4649
0	j4650:4650:j4651:4651
0	j4652:4652:j4653:4653
0	j4654:4654:j4655:4655
0	j4656:4656:j4657:4657
0	j4658:4658:j4659:4659
0	j4660:4660:j4661:4661
0	j4662:4662:j4663:4663
0	j4664:4664:j4665:4665
0	j4666:4666:j4667:4667
0	j4668:4668:j4669:4669
0	j4670:4670:j4671:4671
0	j4672:4672:j4673:4673
0	j4674:4674:j4675:4675
0	j4676:4676:j4677:4677
0	j4678:4678:j4679:4679
0	j4680:4680:j4681:4681
0	j4682:4682:j4683:4683
0	j4684:4684:j4685:4685
0	j4686:4686:j4687:4687
0	j4688:4688:j4689:4689
0	j4690:4690:j4691:4691
0	j4692:4692:j4693:4693
0	j4694:4694:j4695:4695
0	j4696:4696:j4697:4697
0	j4698:4698:j4699:4699
0	j4700:4700:j4701:4701
0	j4702:4702:j4703:4703
0	j4704:4704:j4705:4705
0	j4706:4706:j4707:4707
0	j4708:4708:j4709:4709
0	j4710:4710:j4711:4711
0	j4712:4712:j4713:4713
0	j4714:4714:j4715:4715
0	j4716:4716:j4717:4717
0	j4718:4718:j4719:4719
0	j4720:4720:j4721:4721
0	j4722:4722:j4723:4723
0	j4724:4724:j4725:4725
0	j4726:4726:j4727:4727
0	j4728:4728:j4729:4729
0	j4730:4730:j4731:4731
0	j4732:4732:j4733:4733
0	j4734:4734:j4735:4735
0	j4736:4736:j4737:4737
0	j4738:4738:j4739:4739
0	j4740:4740:j4741:4741
0	j4742:4742:j4743:4743
0	j4744:4744:j4745:4745
0	j4746:4746:j4747:4747
0	j4748:4748:j4749:4749
1	j4500
1	j4502
1	j4504
1	j4506
1	j4508
1	j4510
1	j4512
1	j4514
1	j4516
1	j4518
1	j4520
1	j4522
1	j4524
1	j4526
1	j4528
1	j4530
1	j4532
1	j4534
1	j4536
1	j4538
1	j4540
1	j4542
1	j4544
1	j4546
1	j4548
1	j4550
1	j4552
1	j4554
1	j4556
1	j4558
1	j4560
1	j4562
1	j4564
1	j4566
1	j4568
1	j4570
1	j4572
1	j4574
1	j4576
1	j4578
1	j4580
1	j4582
1	j4584
1	j4586
1	j4588
1	j4590
1	j4592
1	j4594
1	j4596
1	j4598
1	j4600
1	j4602
1	j4604
1	j4606
1	j4608
1	j4610
1	j4612
1	j4614
1	j4616
1	j4618
1	j4620
1	j4622
1	j4624
1	j4626
1	j4628
1	j4630
1	j4632
1	j4634
1	j4636
1	j4638
1	j4640
1	j4642
1	j4644
1	j4646
1	j4648
1	j4650
1	j4652
1	j4654
1	j4656
1	j4658
1	j4660
1	j4662
1	j4664
1	j4666
1	j4668
1	j4670
1	j4672
1	j4674
1	j4676
1	j4678
1	j4680
1	j4682
1	j4684
1	j4686
1	j4688
1	j4690
1	j4692
1	j4694
1	j4696
1	j4698
1	j4700
1	j4702
1	j4704
1	j4706
1	j4708
1	j4710
1	j4712
1	j4714
1	j4716
1	j4718
1	j4720
1	j4722
1	j4724
1	j4726
1	j4728
1	j4730
1	j4732
1	j4734
1	j4736
1	j4738
1	j4740
1	j4742
1	j4744
1	j4746
1	j4748
3	4500
3	4502
3	4504
3	4506
3	4508
3	4510
3	4512
3	4514
3	4516
3	4518
3	4520
3	4522
3	4524
3	4526
3	4528
3	4530
3	4532
3	4534
3	4536
3	4538
3	4540
3	4542
3	4544
3	4546
3	4548
3	4550
3	4552
3	4554
3	4556
3	4558
3	4560
3	4562
3	4564
3	4566
3	4568
3	4570
3	4572
3	4574
3	4576
3	4578
3	4580
3	4582
3	4584
3	4586
3	4588
3	4590
3	4592
3	4594
3	4596
3	4598
3	4600
3	4602
3	4604
3	4606
3	4608
3	4610
3	4612
3	4614
3	4616
3	4618
3	4620
3	4622
3	4624
3	4626
3	4628
3	4630
3	4632
3	4634
3	4636
3	4638
3	4640
3	4642
3	4644
3	4646
3	4648
3	4650
3	4652
3	4654
3	4656
3	4658
3	4660
3	4662
3	4664
3	4666
3	4668
3	4670
3	4672
3	4674
3	4676
3	4678
3	4680
3	4682
3	4684
3	4686
3	4688
3	4690
3	4692
3	4694
3	4696
3	4698
3	4700
3	4702
3	4704
3	4706
3	4708
3	4710
3	4712
3	4714
3	4716
3	4718
3	4720
3	4722
3	4724
3	4726
3	4728
3	4730
3	4732
3	4734
3	4736
3	4738
3	4740
3	4742
3	4744
3	4746
3	4748
5	4500
5	4502
5	4504
5	4506
5	4508
5	4510
5	4512
5	4514
5	4516
5	4518
5	4520
5	4522
5	4524
5	4526
5	4528
5	4530
5	4532
5	4534
5	4536
5	4538
5	4540
5	4542
5	4544
5	4546
5	4548
5	4550
5	4552
5	4554
5	4556
5	4558
5	4560
5	4562
5	4564
5	4566
5	4568
5	4570
5	4572
5	4574
5	4576
5	4578
5	4580
5	4582
5	4584
5	4586
5	4588
5	4590
5	4592
5	4594
5	4596
5	4598
5	4600
5	4602
5	4604
5	4606
5	4608
5	4610
5	4612
5	4614
5	4616
5	4618
5	4620
5	4622
5	4624
5	4626
5	4628
5	4630
5	4632
5	4634
5	4636
5	4638
5	4640
5	4642
5	4644
5	4646
5	4648
5	4650
5	4652
5	4654
5	4656
5	4658
5	4660
5	4662
5	4664
5	4666
5	4668
5	4670
5	4672
5	4674
5	4676
5	4678
5	4680
5	4682
5	4684
5	4686
5	4688
5	4690
5	4692
5	4694
5	4696
5	4698
5	4700
5	4702
5	4704
5	4706
5	4708
5	4710
5	4712
5	4714
5	4716
5	4718
5	4720
5	4722
5	4724
5	4726
5	4728
5	4730
5	4732
5	4734
5	4736
5	4738
5	4740
5	4742
5	4744
5	4746
5	4748
4	4500
4	4502
4	4504
4	4506
4	4508
4	4510
4	4512
4	4514
4	4516
4	4518
4	4520
4	4522
4	4524
4	4526
4	4528
4	4530
4	4532
4	4534
4	4536
4	4538
4	4540
4	4542
4	4544
4	4546
4	4548
4	4550
4	4552
4	4554
4	4556
4	4558
4	4560
4	4562
4	4564
4	4566
4	4568
4	4570
4	4572
4	4574
4	4576
4	4578
4	4580
4	4582
4	4584
4	4586
4	4588
4	4590
4	4592
4	4594
4	4596
4	4598
4	4600
4	4602
4	4604
4	4606
4	4608
4	4610
4	4612
4	4614
4	4616
4	4618
4	4620
4	4622
4	4624
4	4626
4	4628
4	4630
4	4632
4	4634
4	4636
4	4638
4	4640
4	4642
4	4644
4	4646
4	4648
4	4650
4	4652
4	4654
4	4656
4	4658
4	4660
4	4662
4	4664
4	4666
4	4668
4	4670
4	4672
4	4674
4	4676
4	4678
4	4680
4	4682
4	4684
4	4686
4	4688
4	4690
4	4692
4	4694
4	4696
4	4698
4	4700
4	4702
4	4704
4	4706
4	4708
4	4710
4	4712
4	4714
4	4716
4	4718
4	4720
4	4722
4	4724
4	4726
4	4728
4	4730
4	4732
4	4734
4	4736
4	4738
4	4740
4	4742
4	4744
4	4746
4	4748
1	j4501
1	j4503
1	j4505
1	j4507
1	j4509
1	j4511
1	j4513
1	j4515
1	j4517
1	j4519
1	j4521
1	j4523
1	j4525
1	j4527
1	j4529
1	j4531
1	j4533
1	j4535
1	j4537
1	j4539
1	j4541
1	j4543
1	j4545
1	j4547
1	j4549
1	j4551
1	j4553
1	j4555
1	j4557
1	j4559
1	j4561
1	j4563
1	j4565
1	j4567
1	j4569
1	j4571
1	j4573
1	j4575
1	j4577
1	j4579
1	j4581
1	j4583
1	j4585
1	j4587
1	j4589
1	j4591
1	j4593
1	j4595
1	j4597
1	j4599
1	j4601
1	j4603
1	j4605
1	j4607
1	j4609
1	j4611
1	j4613
1	j4615
1	j4617
1	j4619
1	j4621
1	j4623
1	j4625
1	j4627
1	j4629
1	j4631
1	j4633
1	j4635
1	j4637
1	j4639
1	j4641
1	j4643
1	j4645
1	j4647
1	j4649
1	j4651
1	j4653
1	j4655
1	j4657
1	j4659
1	j4661
1	j4663
1	j4665
1	j4667
1	j4669
1	j4671
1	j4673
1	j4675
1	j4677
1	j4679
1	j4681
1	j4683
1	j4685
1	j4687
1	j4689
1	j4691
1	j4693
1	j4695
1	j4697
1	j4699
1	j4701
1	j4703
1	j4705
1	j4707
1	j4709
1	j4711
1	j4713
1	j4715
1	j4717
1	j4719
1	j4721
1	j4723
1	j4725
1	j4727
1	j4729
1	j4731
1	j4733
1	j4735
1	j4737
1	j4739
1	j4741
1	j4743
1	j4745
1	j4747
1	j4749
3	4500
3	4502
3	4504
3	4506
3	4508
3	4510
3	4512
3	4514
3	4516
3	4518
3	4520
3	4522
3	4524
3	4526
3	4528
3	4530
3	4532
3	4534
3	4536
3	4538
3	4540
3	4542
3	4544
3	4546
3	4548
3	4550
3	4552
3	4554
3	4556
3	4558
3	4560
3	4562
3	4564
3	4566
3	4568
3	4570
3	4572
3	4574
3	4576
3	4578
3	4580
3	4582
3	4584
3	4586
3	4588
3	4590
3	4592
3	4594
3	4596
3	4598
3	4600
3	4602
3	4604
3	4606
3	4608
3	4610
3	4612
3	4614
3	4616
3	4618
3	4620
3	4622
3	4624
3	4626
3	4628
3	4630
3	4632
3	4634
3	4636
3	4638
3	4640
3	4642
3	4644
3	4646
3	4648
3	4650
3	4652
3	4654
3	4656
3	4658
3	4660
3	4662
3	4664
3	4666
3	4668
3	4670
3	4672
3	4674
3	4676
3	4678
3	4680
3	4682
3	4684
3	4686
3	4688
3	4690
3	4692
3	4694
3	4696
3	4698
3	4700
3	4702
3	4704
3	4706
3	4708
3	4710
3	4712
3	4714
3	4716
3	4718
3	4720
3	4722
3	4724
3	4726
3	4728
3	4730
3	4732
3	4734
3	4736
3	4738
3	4740
3	4742
3	4744
3	4746
3	4748
5	4500
5	4502
5	4504
5	4506
5	4508
5	4510
5	4512
5	4514
5	4516
5	4518
5	4520
5	4522
5	4524
5	4526
5	4528
5	4530
5	4532
5	4534
5	4536
5	4538
5	4540
5	4542
5	4544
5	4546
5	4548
5	4550
5	4552
5	4554
5	4556
5	4558
5	4560
5	4562
5	4564
5	4566
5	4568
5	4570
5	4572
5	4574
5	4576
5	4578
5	4580
5	4582
5	4584
5	4586
5	4588
5	4590
5	4592
5	4594
5	4596
5	4598
5	4600
5	4602
5	4604
5	4606
5	4608
5	4610
5	4612
5	4614
5	4616
5	4618
5	4620
5	4622
5	4624
5	4626
5	4628
5	4630
5	4632
5	4634
5	4636
5	4638
5	4640
5	4642
5	4644
5	4646
5	4648
5	4650
5	4652
5	4654
5	4656
5	4658
5	4660
5	4662
5	4664
5	4666
5	4668
5	4670
5	4672
5	4674
5	4676
5	4678
5	4680
5	4682
5	4684
5	4686
5	4688
5	4690
5	4692
5	4694
5	4696
5	4698
5	4700
5	4702
5	4704
5	4706
5	4708
5	4710
5	4712
5	4714
5	4716
5	4718
5	4720
5	4722
5	4724
5	4726
5	4728
5	4730
5	4732
5	4734
5	4736
5	4738
5	4740
5	4742
5	4744
5	4746
5	4748
4	4500
4	4502
4	4504
4	4506
4	4508
4	4510
4	4512
4	4514
4	4516
4	4518
4	4520
4	4522
4	4524
4	4526
4	4528
4	4530
4	4532
4	4534
4	4536
4	4538
4	4540
4	4542
4	4544
4	4546
4	4548
4	4550
4	4552
4	4554
4	4556
4	4558
4	4560
4	4562
4	4564
4	4566
4	4568
4	4570
4	4572
4	4574
4	4576
4	4578
4	4580
4	4582
4	4584
4	4586
4	4588
4	4590
4	4592
4	4594
4	4596
4	4598
4	4600
4	4602
4	4604
4	4606
4	4608
4	4610
4	4612
4	4614
4	4616
4	4618
4	4620
4	4622
4	4624
4	4626
4	4628
4	4630
4	4632
4	4634
4	4636
4	4638
4	4640
4	4642
4	4644
4	4646
4	4648
4	4650
4	4652
4	4654
4	4656
4	4658
4	4660
4	4662
4	4664
4	4666
4	4668
4	4670
4	4672
4	4674
4	4676
4	4678
4	4680
4	4682
4	4684
4	4686
4	4688
4	4690
4	4692
4	4694
4	4696
4	4698
4	4700
4	4702
4	4704
4	4706
4	4708
4	4710
4	4712
4	4714
4	4716
4	4718
4	4720
4	4722
4	4724
4	4726
4	4728
4	4730
4	4732
4	4734
4	4736
4	4738
4	4740
4	4742
4	4744
4	4746
4	4748
3	4501
3	4503
3	4505
3	4507
3	4509
3	4511
3	4513
3	4515
3	4517
3	4519
3	4521
3	4523
3	4525
3	4527
3	4529
3	4531
3	4533
3	4535
3	4537
3	4539
3	4541
3	4543
3	4545
3	4547
3	4549
3	4551
3	4553
3	4555
3	4557
3	4559
3	4561
3	4563
3	4565
3	4567
3	4569
3	4571
3	4573
3	4575
3	4577
3	4579
3	4581
3	4583
3	4585
3	4587
3	4589
3	4591
3	4593
3	4595
3	4597
3	4599
3	4601
3	4603
3	4605
3	4607
3	4609
3	4611
3	4613
3	4615
3	4617
3	4619
3	4621
3	4623
3	4625
3	4627
3	4629
3	4631
3	4633
3	4635
3	4637
3	4639
3	4641
3	4643
3	4645
3	4647
3	4649
3	4651
3	4653
3	4655
3	4657
3	4659
3	4661
3	4663
3	4665
3	4667
3	4669
3	4671
3	4673
3	4675
3	4677
3	4679
3	4681
3	4683
3	4685
3	4687
3	4689
3	4691
3	4693
3	4695
3	4697
3	4699
3	4701
3	4703
3	4705
3	4707
3	4709
3	4711
3	4713
3	4715
3	4717
3	4719
3	4721
3	4723
3	4725
3	4727
3	4729
3	4731
3	4733
3	4735
3	4737
3	4739
3	4741
3	4743
3	4745
3	4747
3	4749
5	4501
5	4503
5	4505
5	4507
5	4509
5	4511
5	4513
5	4515
5	4517
5	4519
5	4521
5	4523
5	4525
5	4527
5	4529
5	4531
5	4533
5	4535
5	4537
5	4539
5	4541
5	4543
5	4545
5	4547
5	4549
5	4551
5	4553
5	4555
5	4557
5	4559
5	4561
5	4563
5	4565
5	4567
5	4569
5	4571
5	4573
5	4575
5	4577
5	4579
5	4581
5	4583
5	4585
5	4587
5	4589
5	4591
5	4593
5	4595
5	4597
5	4599
5	4601
5	4603
5	4605
5	4607
5	4609
5	4611
5	4613
5	4615
5	4617
5	4619
5	4621
5	4623
5	4625
5	4627
5	4629
5	4631
5	4633
5	4635
5	4637
5	4639
5	4641
5	4643
5	4645
5	4647
5	4649
5	4651
5	4653
5	4655
5	4657
5	4659
5	4661
5	4663
5	4665
5	4667
5	4669
5	4671
5	4673
5	4675
5	4677
5	4679
5	4681
5	4683
5	4685
5	4687
5	4689
5	4691
5	4693
5	4695
5	4697
5	4699
5	4701
5	4703
5	4705
5	4707
5	4709
5	4711
5	4713
5	4715
5	4717
5	4719
5	4721
5	4723
5	4725
5	4727
5	4729
5	4731
5	4733
5	4735
5	4737
5	4739
5	4741
5	4743
5	4745
5	4747
5	4749
4	4501
4	4503
4	4505
4	4507
4	4509
4	4511
4	4513
4	4515
4	4517
4	4519
4	4521
4	4523
4	4525
4	4527
4	4529
4	4531
4	4533
4	4535
4	4537
4	4539
4	4541
4	4543
4	4545
4	4547
4	4549
4	4551
4	4553
4	4555
4	4557
4	4559
4	4561
4	4563
4	4565
4	4567
4	4569
4	4571
4	4573
4	4575
4	4577
4	4579
4	4581
4	4583
4	4585
4	4587
4	4589
4	4591
4	4593
4	4595
4	4597
4	4599
4	4601
4	4603
4	4605
4	4607
4	4609
4	4611
4	4613
4	4615
4	4617
4	4619
4	4621
4	4623
4	4625
4	4627
4	4629
4	4631
4	4633
4	4635
4	4637
4	4639
4	4641
4	4643
4	4645
4	4647
4	4649
4	4651
4	4653
4	4655
4	4657
4	4659
4	4661
4	4663
4	4665
4	4667
4	4669
4	4671
4	4673
4	4675
4	4677
4	4679
4	4681
4	4683
4	4685
4	4687
4	4689
4	4691
4	4693
4	4695
4	4697
4	4699
4	4701
4	4703
4	4705
4	4707
4	4709
4	4711
4	4713
4	4715
4	4717
4	4719
4	4721
4	4723
4	4725
4	4727
4	4729
4	4731
4	4733
4	4735
4	4737
4	4739
4	4741
4	4743
4	4745
4	4747
4	4749
6	4500
6	4502
6	4504
6	4506
6	4508
6	4510
6	4512
6	4514
6	4516
6	4518
6	4520
6	4522
6	4524
6	4526
6	4528
6	4530
6	4532
6	4534
6	4536
6	4538
6	4540
6	4542
6	4544
6	4546
6	4548
6	4550
6	4552
6	4554
6	4556
6	4558
6	4560
6	4562
6	4564
6	4566
6	4568
6	4570
6	4572
6	4574
6	4576
6	4578
6	4580
6	4582
6	4584
6	4586
6	4588
6	4590
6	4592
6	4594
6	4596
6	4598
6	4600
6	4602
6	4604
6	4606
6	4608
6	4610
6	4612
6	4614
6	4616
6	4618
6	4620
6	4622
6	4624
6	4626
6	4628
6	4630
6	4632
6	4634
6	4636
6	4638
6	4640
6	4642
6	4644
6	4646
6	4648
6	4650
6	4652
6	4654
6	4656
6	4658
6	4660
6	4662
6	4664
6	4666
6	4668
6	4670
6	4672
6	4674
6	4676
6	4678
6	4680
6	4682
6	4684
6	4686
6	4688
6	4690
6	4692
6	4694
6	4696
6	4698
6	4700
6	4702
6	4704
6	4706
6	4708
6	4710
6	4712
6	4714
6	4716
6	4718
6	4720
6	4722
6	4724
6	4726
6	4728
6	4730
6	4732
6	4734
6	4736
6	4738
6	4740
6	4742
6	4744
6	4746
6	4748
7	4500:3:0:7
7	4502:4:0:7
7	4504:4:0:7
7	4506:1:0:2
7	4508:4:0:7
7	4510:4:0:7
7	4512:1:0:1
7	4514:1:0:1
7	4516:2:0:0
7	4518:2:0:0
7	4520:2:0:0
7	4522:0:0:1
7	4524:1:0:1
7	4526:2:0:0
7	4528:2:0:0
7	4530:3:0:7
7	4532:4:0:7
7	4534:3:0:7
7	4536:1:0:2
7	4538:1:0:1
7	4540:0:0:1
7	4542:2:0:0
7	4544:1:0:2
7	4546:4:0:7
7	4548:1:0:2
7	4550:1:0:2
7	4552:4:0:7
7	4554:2:0:0
7	4556:0:0:1
7	4558:2:0:0
7	4560:4:0:7
7	4562:0:0:1
7	4564:0:0:1
7	4566:1:0:2
7	4568:2:0:0
7	4570:3:0:7
7	4572:1:0:1
7	4574:4:0:7
7	4576:0:0:1
7	4578:2:0:0
7	4580:1:0:1
7	4582:2:0:0
7	4584:2:0:0
7	4586:2:0:0
7	4588:0:0:1
7	4590:4:0:7
7	4592:0:0:1
7	4594:2:0:0
7	4596:2:0:0
7	4598:2:0:0
7	4600:1:0:2
7	4602:1:0:1
7	4604:4:0:7
7	4606:2:0:0
7	4608:4:0:7
7	4610:1:0:2
7	4612:1:0:2
7	4614:2:0:0
7	4616:4:0:7
7	4618:0:0:1
7	4620:1:0:1
7	4622:4:0:7
7	4624:4:0:7
7	4626:3:0:7
7	4628:4:0:7
7	4630:2:0:0
7	4632:0:0:1
7	4634:4:0:7
7	4636:4:0:7
7	4638:3:0:7
7	4640:1:0:2
7	4642:0:0:1
7	4644:2:0:0
7	4646:3:0:7
7	4648:0:0:1
7	4650:4:0:7
7	4652:0:0:1
7	4654:2:0:0
7	4656:4:0:7
7	4658:4:0:7
7	4660:2:0:0
7	4662:1:0:1
7	4664:1:0:1
7	4666:1:0:1
7	4668:0:0:1
7	4670:1:0:1
7	4672:4:0:7
7	4674:1:0:2
7	4676:4:0:7
7	4678:4:0:7
7	4680:4:0:7
7	4682:4:0:7
7	4684:1:0:2
7	4686:4:0:7
7	4688:1:0:1
7	4690:4:0:7
7	4692:3:0:7
7	4694:0:0:1
7	4696:2:0:0
7	4698:3:0:7
7	4700:4:0:7
7	4702:2:0:0
7	4704:4:0:7
7	4706:0:0:1
7	4708:2:0:0
7	4710:2:0:0
7	4712:4:0:7
7	4714:1:0:2
7	4716:3:0:7
7	4718:0:0:1
7	4720:4:0:7
7	4722:0:0:1
7	4724:0:0:1
7	4726:1:0:2
7	4728:2:0:0
7	4730:4:0:7
7	4732:0:0:1
7	4734:0:0:1
7	4736:4:0:7
7	4738:0:0:1
7	4740:1:0:1
7	4742:1:0:1
7	4744:1:0:1
7	4746:2:0:0
7	4748:4:0:7
6	4500
6	4502
6	4504
7	4506:1:0:7
6	4508
6	4510
6	4512
6	4514
6	4516
6	4518
6	4520
6	4522
6	4524
6	4526
6	4528
6	4530
6	4532
6	4534
7	4536:1:0:7
6	4538
6	4540
6	4542
7	4544:1:0:7
6	4546
7	4548:1:0:7
7	4550:1:0:7
6	4552
6	4554
6	4556
6	4558
6	4560
6	4562
6	4564
7	4566:1:0:7
6	4568
6	4570
6	4572
6	4574
6	4576
6	4578
6	4580
6	4582
6	4584
6	4586
6	4588
6	4590
6	4592
6	4594
6	4596
6	4598
7	4600:1:0:7
6	4602
6	4604
6	4606
6	4608
7	4610:1:0:7
7	4612:1:0:7
6	4614
6	4616
6	4618
6	4620
6	4622
6	4624
6	4626
6	4628
6	4630
6	4632
6	4634
6	4636
6	4638
7	4640:1:0:7
6	4642
6	4644
6	4646
6	4648
6	4650
6	4652
6	4654
6	4656
6	4658
6	4660
6	4662
6	4664
6	4666
6	4668
6	4670
6	4672
7	4674:1:0:7
6	4676
6	4678
6	4680
6	4682
7	4684:1:0:7
6	4686
6	4688
6	4690
6	4692
6	4694
6	4696
6	4698
6	4700
6	4702
6	4704
6	4706
6	4708
6	4710
6	4712
7	4714:1:0:7
6	4716
6	4718
6	4720
6	4722
6	4724
7	4726:1:0:7
6	4728
6	4730
6	4732
6	4734
6	4736
6	4738
6	4740
6	4742
6	4744
6	4746
6	4748
5	4500
5	4502
5	4504
6	4506
5	4508
5	4510
5	4512
5	4514
5	4516
5	4518
5	4520
5	4522
5	4524
5	4526
5	4528
5	4530
5	4532
5	4534
6	4536
5	4538
5	4540
5	4542
6	4544
5	4546
6	4548
6	4550
5	4552
5	4554
5	4556
5	4558
5	4560
5	4562
5	4564
6	4566
5	4568
5	4570
5	4572
5	4574
5	4576
5	4578
5	4580
5	4582
5	4584
5	4586
5	4588
5	4590
5	4592
5	4594
5	4596
5	4598
6	4600
5	4602
5	4604
5	4606
5	4608
6	4610
6	4612
5	4614
5	4616
5	4618
5	4620
5	4622
5	4624
5	4626
5	4628
5	4630
5	4632
5	4634
5	4636
5	4638
6	4640
5	4642
5	4644
5	4646
5	4648
5	4650
5	4652
5	4654
5	4656
5	4658
5	4660
5	4662
5	4664
5	4666
5	4668
5	4670
5	4672
6	4674
5	4676
5	4678
5	4680
5	4682
6	4684
5	4686
5	4688
5	4690
5	4692
5	4694
5	4696
5	4698
5	4700
5	4702
5	4704
5	4706
5	4708
5	4710
5	4712
6	4714
5	4716
5	4718
5	4720
5	4722
5	4724
6	4726
5	4728
5	4730
5	4732
5	4734
5	4736
5	4738
5	4740
5	4742
5	4744
5	4746
5	4748
5	4501
5	4503
5	4505
5	4506
5	4509
5	4511
5	4513
5	4515
5	4517
5	4519
5	4521
5	4523
5	4525
5	4527
5	4529
5	4531
5	4533
5	4535
5	4536
5	4539
5	4541
5	4543
5	4544
5	4547
5	4548
5	4550
5	4553
5	4555
5	4557
5	4559
5	4561
5	4563
5	4565
5	4566
5	4569
5	4571
5	4573
5	4575
5	4577
5	4579
5	4581
5	4583
5	4585
5	4587
5	4589
5	4591
5	4593
5	4595
5	4597
5	4599
5	4600
5	4603
5	4605
5	4607
5	4609
5	4610
5	4612
5	4615
5	4617
5	4619
5	4621
5	4623
5	4625
5	4627
5	4629
5	4631
5	4633
5	4635
5	4637
5	4639
5	4640
5	4643
5	4645
5	4647
5	4649
5	4651
5	4653
5	4655
5	4657
5	4659
5	4661
5	4663
5	4665
5	4667
5	4669
5	4671
5	4673
5	4674
5	4677
5	4679
5	4681
5	4683
5	4684
5	4687
5	4689
5	4691
5	4693
5	4695
5	4697
5	4699
5	4701
5	4703
5	4705
5	4707
5	4709
5	4711
5	4713
5	4714
5	4717
5	4719
5	4721
5	4723
5	4725
5	4726
5	4729
5	4731
5	4733
5	4735
5	4737
5	4739
5	4741
5	4743
5	4745
5	4747
5	4749
6	4501
6	4503
6	4505
5	4507
6	4509
6	4511
6	4513
6	4515
6	4517
6	4519
6	4521
6	4523
6	4525
6	4527
6	4529
6	4531
6	4533
6	4535
5	4537
6	4539
6	4541
6	4543
5	4545
6	4547
5	4549
5	4551
6	4553
6	4555
6	4557
6	4559
6	4561
6	4563
6	4565
5	4567
6	4569
6	4571
6	4573
6	4575
6	4577
6	4579
6	4581
6	4583
6	4585
6	4587
6	4589
6	4591
6	4593
6	4595
6	4597
6	4599
5	4601
6	4603
6	4605
6	4607
6	4609
5	4611
5	4613
6	4615
6	4617
6	4619
6	4621
6	4623
6	4625
6	4627
6	4629
6	4631
6	4633
6	4635
6	4637
6	4639
5	4641
6	4643
6	4645
6	4647
6	4649
6	4651
6	4653
6	4655
6	4657
6	4659
6	4661
6	4663
6	4665
6	4667
6	4669
6	4671
6	4673
5	4675
6	4677
6	4679
6	4681
6	4683
5	4685
6	4687
6	4689
6	4691
6	4693
6	4695
6	4697
6	4699
6	4701
6	4703
6	4705
6	4707
6	4709
6	4711
6	4713
5	4715
6	4717
6	4719
6	4721
6	4723
6	4725
5	4727
6	4729
6	4731
6	4733
6	4735
6	4737
6	4739
6	4741
6	4743
6	4745
6	4747
6	4749
7	4501:4:4:5
7	4503:4:4:5
7	4505:0:4:4
6	4507
7	4509:4:4:4
7	4511:0:4:4
7	4513:1:4:3
7	4515:1:4:3
7	4517:2:4:5
7	4519:0:4:3
7	4521:2:4:5
7	4523:3:4:5
7	4525:1:4:3
7	4527:2:4:5
7	4529:2:4:5
7	4531:4:4:5
7	4533:4:4:4
7	4535:4:4:5
6	4537
7	4539:1:4:3
7	4541:3:4:5
7	4543:0:4:3
6	4545
7	4547:0:4:4
6	4549
6	4551
7	4553:4:4:4
7	4555:2:4:5
7	4557:3:4:5
7	4559:0:4:3
7	4561:0:4:4
7	4563:4:4:4
7	4565:4:4:4
6	4567
7	4569:2:4:5
7	4571:4:4:5
7	4573:1:4:3
7	4575:4:4:4
7	4577:4:4:4
7	4579:2:4:5
7	4581:1:4:3
7	4583:0:4:3
7	4585:0:4:3
7	4587:0:4:3
7	4589:3:4:5
7	4591:4:4:5
7	4593:4:4:4
7	4595:0:4:3
7	4597:0:4:3
7	4599:2:4:5
6	4601
7	4603:1:4:3
7	4605:0:4:4
7	4607:2:4:5
7	4609:4:4:4
6	4611
6	4613
7	4615:0:4:3
7	4617:4:4:5
7	4619:4:4:4
7	4621:1:4:3
7	4623:0:4:4
7	4625:4:4:5
7	4627:4:4:5
7	4629:0:4:4
7	4631:2:4:5
7	4633:4:4:4
7	4635:4:4:5
7	4637:4:4:5
7	4639:4:4:5
6	4641
7	4643:3:4:5
7	4645:0:4:3
7	4647:4:4:5
7	4649:3:4:5
7	4651:4:4:5
7	4653:4:4:4
7	4655:0:4:3
7	4657:4:4:5
7	4659:0:4:4
7	4661:2:4:5
7	4663:1:4:3
7	4665:1:4:3
7	4667:1:4:3
7	4669:3:4:5
7	4671:1:4:3
7	4673:0:4:4
6	4675
7	4677:4:4:4
7	4679:0:4:4
7	4681:4:4:4
7	4683:0:4:4
6	4685
7	4687:4:4:4
7	4689:1:4:3
7	4691:0:4:4
7	4693:4:4:5
7	4695:3:4:5
7	4697:2:4:5
7	4699:4:4:5
7	4701:4:4:4
7	4703:2:4:5
7	4705:4:4:5
7	4707:4:4:4
7	4709:0:4:3
7	4711:0:4:3
7	4713:4:4:4
6	4715
7	4717:4:4:5
7	4719:4:4:4
7	4721:4:4:4
7	4723:3:4:5
7	4725:4:4:4
6	4727
7	4729:0:4:3
7	4731:0:4:4
7	4733:3:4:5
7	4735:4:4:4
7	4737:4:4:4
7	4739:4:4:4
7	4741:1:4:3
7	4743:1:4:3
7	4745:1:4:3
7	4747:0:4:3
7	4749:4:4:4
6	4501
6	4503
6	4505
7	4507:0:4:3
6	4509
6	4511
6	4513
6	4515
6	4517
6	4519
6	4521
6	4523
6	4525
6	4527
6	4529
6	4531
6	4533
6	4535
7	4537:0:4:3
6	4539
6	4541
6	4543
7	4545:0:4:3
6	4547
7	4549:0:4:3
7	4551:0:4:3
6	4553
6	4555
6	4557
6	4559
6	4561
6	4563
6	4565
7	4567:0:4:3
6	4569
6	4571
6	4573
6	4575
6	4577
6	4579
6	4581
6	4583
6	4585
6	4587
6	4589
6	4591
6	4593
6	4595
6	4597
6	4599
7	4601:0:4:3
6	4603
6	4605
6	4607
6	4609
7	4611:0:4:3
7	4613:0:4:3
6	4615
6	4617
6	4619
6	4621
6	4623
6	4625
6	4627
6	4629
6	4631
6	4633
6	4635
6	4637
6	4639
7	4641:0:4:3
6	4643
6	4645
6	4647
6	4649
6	4651
6	4653
6	4655
6	4657
6	4659
6	4661
6	4663
6	4665
6	4667
6	4669
6	4671
6	4673
7	4675:0:4:3
6	4677
6	4679
6	4681
6	4683
7	4685:0:4:3
6	4687
6	4689
6	4691
6	4693
6	4695
6	4697
6	4699
6	4701
6	4703
6	4705
6	4707
6	4709
6	4711
6	4713
7	4715:0:4:3
6	4717
6	4719
6	4721
6	4723
6	4725
7	4727:0:4:3
6	4729
6	4731
6	4733
6	4735
6	4737
6	4739
6	4741
6	4743
6	4745
6	4747
6	4749
5	4500
5	4502
5	4504
6	4507
5	4508
5	4510
5	4512
5	4514
5	4516
5	4518
5	4520
5	4522
5	4524
5	4526
5	4528
5	4530
5	4532
5	4534
6	4537
5	4538
5	4540
5	4542
6	4545
5	4546
6	4549
6	4551
5	4552
5	4554
5	4556
5	4558
5	4560
5	4562
5	4564
6	4567
5	4568
5	4570
5	4572
5	4574
5	4576
5	4578
5	4580
5	4582
5	4584
5	4586
5	4588
5	4590
5	4592
5	4594
5	4596
5	4598
6	4601
5	4602
5	4604
5	4606
5	4608
6	4611
6	4613
5	4614
5	4616
5	4618
5	4620
5	4622
5	4624
5	4626
5	4628
5	4630
5	4632
5	4634
5	4636
5	4638
6	4641
5	4642
5	4644
5	4646
5	4648
5	4650
5	4652
5	4654
5	4656
5	4658
5	4660
5	4662
5	4664
5	4666
5	4668
5	4670
5	4672
6	4675
5	4676
5	4678
5	4680
5	4682
6	4685
5	4686
5	4688
5	4690
5	4692
5	4694
5	4696
5	4698
5	4700
5	4702
5	4704
5	4706
5	4708
5	4710
5	4712
6	4715
5	4716
5	4718
5	4720
5	4722
5	4724
6	4727
5	4728
5	4730
5	4732
5	4734
5	4736
5	4738
5	4740
5	4742
5	4744
5	4746
5	4748
5	4501
5	4503
5	4505
5	4506
5	4509
5	4511
5	4513
5	4515
5	4517
5	4519
5	4521
5	4523
5	4525
5	4527
5	4529
5	4531
5	4533
5	4535
5	4536
5	4539
5	4541
5	4543
5	4544
5	4547
5	4548
5	4550
5	4553
5	4555
5	4557
5	4559
5	4561
5	4563
5	4565
5	4566
5	4569
5	4571
5	4573
5	4575
5	4577
5	4579
5	4581
5	4583
5	4585
5	4587
5	4589
5	4591
5	4593
5	4595
5	4597
5	4599
5	4600
5	4603
5	4605
5	4607
5	4609
5	4610
5	4612
5	4615
5	4617
5	4619
5	4621
5	4623
5	4625
5	4627
5	4629
5	4631
5	4633
5	4635
5	4637
5	4639
5	4640
5	4643
5	4645
5	4647
5	4649
5	4651
5	4653
5	4655
5	4657
5	4659
5	4661
5	4663
5	4665
5	4667
5	4669
5	4671
5	4673
5	4674
5	4677
5	4679
5	4681
5	4683
5	4684
5	4687
5	4689
5	4691
5	4693
5	4695
5	4697
5	4699
5	4701
5	4703
5	4705
5	4707
5	4709
5	4711
5	4713
5	4714
5	4717
5	4719
5	4721
5	4723
5	4725
5	4726
5	4729
5	4731
5	4733
5	4735
5	4737
5	4739
5	4741
5	4743
5	4745
5	4747
5	4749
6	4500
6	4502
6	4504
5	4507
6	4508
6	4510
6	4512
6	4514
6	4516
6	4518
6	4520
6	4522
6	4524
6	4526
6	4528
6	4530
6	4532
6	4534
5	4537
6	4538
6	4540
6	4542
5	4545
6	4546
5	4549
5	4551
6	4552
6	4554
6	4556
6	4558
6	4560
6	4562
6	4564
5	4567
6	4568
6	4570
6	4572
6	4574
6	4576
6	4578
6	4580
6	4582
6	4584
6	4586
6	4588
6	4590
6	4592
6	4594
6	4596
6	4598
5	4601
6	4602
6	4604
6	4606
6	4608
5	4611
5	4613
6	4614
6	4616
6	4618
6	4620
6	4622
6	4624
6	4626
6	4628
6	4630
6	4632
6	4634
6	4636
6	4638
5	4641
6	4642
6	4644
6	4646
6	4648
6	4650
6	4652
6	4654
6	4656
6	4658
6	4660
6	4662
6	4664
6	4666
6	4668
6	4670
6	4672
5	4675
6	4676
6	4678
6	4680
6	4682
5	4685
6	4686
6	4688
6	4690
6	4692
6	4694
6	4696
6	4698
6	4700
6	4702
6	4704
6	4706
6	4708
6	4710
6	4712
5	4715
6	4716
6	4718
6	4720
6	4722
6	4724
5	4727
6	4728
6	4730
6	4732
6	4734
6	4736
6	4738
6	4740
6	4742
6	4744
6	4746
6	4748
7	4500:0:0:1
7	4502:3:0:0
7	4504:3:0:2
6	4506
7	4508:3:0:0
7	4510:3:0:2
7	4512:0:0:0
7	4514:0:0:0
7	4516:3:0:7
7	4518:0:0:1
7	4520:3:0:7
7	4522:4:0:7
7	4524:0:0:0
7	4526:3:0:7
7	4528:3:0:7
7	4530:0:0:1
7	4532:3:0:0
7	4534:0:0:1
6	4536
7	4538:0:0:0
7	4540:4:0:7
7	4542:0:0:1
6	4544
7	4546:3:0:2
6	4548
6	4550
7	4552:3:0:0
7	4554:3:0:7
7	4556:4:0:7
7	4558:0:0:1
7	4560:3:0:2
7	4562:1:0:0
7	4564:1:0:0
6	4566
7	4568:3:0:7
7	4570:0:0:1
7	4572:0:0:0
7	4574:3:0:0
7	4576:1:0:0
7	4578:3:0:7
7	4580:0:0:0
7	4582:0:0:1
7	4584:0:0:1
7	4586:0:0:1
7	4588:4:0:7
7	4590:3:0:0
7	4592:1:0:0
7	4594:0:0:1
7	4596:0:0:1
7	4598:3:0:7
6	4600
7	4602:0:0:0
7	4604:3:0:2
7	4606:3:0:7
7	4608:3:0:0
6	4610
6	4612
7	4614:0:0:1
7	4616:3:0:0
7	4618:1:0:0
7	4620:0:0:0
7	4622:3:0:2
7	4624:3:0:0
7	4626:0:0:1
7	4628:3:0:2
7	4630:3:0:7
7	4632:1:0:0
7	4634:3:0:0
7	4636:3:0:0
7	4638:0:0:1
6	4640
7	4642:4:0:7
7	4644:0:0:1
7	4646:0:0:1
7	4648:4:0:7
7	4650:3:0:0
7	4652:1:0:0
7	4654:0:0:1
7	4656:3:0:0
7	4658:3:0:2
7	4660:3:0:7
7	4662:0:0:0
7	4664:0:0:0
7	4666:0:0:0
7	4668:4:0:7
7	4670:0:0:0
7	4672:3:0:2
6	4674
7	4676:3:0:0
7	4678:3:0:2
7	4680:3:0:0
7	4682:3:0:2
6	4684
7	4686:3:0:0
7	4688:0:0:0
7	4690:3:0:2
7	4692:0:0:1
7	4694:4:0:7
7	4696:3:0:7
7	4698:0:0:1
7	4700:3:0:0
7	4702:3:0:7
7	4704:3:0:0
7	4706:1:0:0
7	4708:0:0:1
7	4710:0:0:1
7	4712:3:0:0
6	4714
7	4716:0:0:1
7	4718:1:0:0
7	4720:3:0:0
7	4722:4:0:7
7	4724:1:0:0
6	4726
7	4728:0:0:1
7	4730:3:0:2
7	4732:4:0:7
7	4734:1:0:0
7	4736:3:0:0
7	4738:1:0:0
7	4740:0:0:0
7	4742:0:0:0
7	4744:0:0:0
7	4746:0:0:1
7	4748:3:0:0
7	4500:4:0:7
6	4502
6	4504
7	4506:0:1:2
6	4508
6	4510
6	4512
6	4514
6	4516
6	4518
6	4520
6	4522
6	4524
6	4526
6	4528
7	4530:4:0:7
6	4532
7	4534:4:0:7
7	4536:0:1:2
6	4538
6	4540
6	4542
7	4544:0:1:2
6	4546
7	4548:0:1:2
7	4550:0:1:2
6	4552
6	4554
6	4556
6	4558
6	4560
6	4562
6	4564
7	4566:0:1:2
6	4568
7	4570:4:0:7
6	4572
6	4574
6	4576
6	4578
6	4580
6	4582
6	4584
6	4586
6	4588
6	4590
6	4592
6	4594
6	4596
6	4598
7	4600:0:1:2
6	4602
6	4604
6	4606
6	4608
7	4610:0:1:2
7	4612:0:1:2
6	4614
6	4616
6	4618
6	4620
6	4622
6	4624
7	4626:4:0:7
6	4628
6	4630
6	4632
6	4634
6	4636
7	4638:4:0:7
7	4640:0:1:2
6	4642
6	4644
7	4646:4:0:7
6	4648
6	4650
6	4652
6	4654
6	4656
6	4658
6	4660
6	4662
6	4664
6	4666
6	4668
6	4670
6	4672
7	4674:0:1:2
6	4676
6	4678
6	4680
6	4682
7	4684:0:1:2
6	4686
6	4688
6	4690
7	4692:4:0:7
6	4694
6	4696
7	4698:4:0:7
6	4700
6	4702
6	4704
6	4706
6	4708
6	4710
6	4712
7	4714:0:1:2
7	4716:4:0:7
6	4718
6	4720
6	4722
6	4724
7	4726:0:1:2
6	4728
6	4730
6	4732
6	4734
6	4736
6	4738
6	4740
6	4742
6	4744
6	4746
6	4748
6	4500
5	4502
5	4504
6	4506
5	4508
5	4510
5	4512
5	4514
5	4516
5	4518
5	4520
5	4522
5	4524
5	4526
5	4528
6	4530
5	4532
6	4534
6	4536
5	4538
5	4540
5	4542
6	4544
5	4546
6	4548
6	4550
5	4552
5	4554
5	4556
5	4558
5	4560
5	4562
5	4564
6	4566
5	4568
6	4570
5	4572
5	4574
5	4576
5	4578
5	4580
5	4582
5	4584
5	4586
5	4588
5	4590
5	4592
5	4594
5	4596
5	4598
6	4600
5	4602
5	4604
5	4606
5	4608
6	4610
6	4612
5	4614
5	4616
5	4618
5	4620
5	4622
5	4624
6	4626
5	4628
5	4630
5	4632
5	4634
5	4636
6	4638
6	4640
5	4642
5	4644
6	4646
5	4648
5	4650
5	4652
5	4654
5	4656
5	4658
5	4660
5	4662
5	4664
5	4666
5	4668
5	4670
5	4672
6	4674
5	4676
5	4678
5	4680
5	4682
6	4684
5	4686
5	4688
5	4690
6	4692
5	4694
5	4696
6	4698
5	4700
5	4702
5	4704
5	4706
5	4708
5	4710
5	4712
6	4714
6	4716
5	4718
5	4720
5	4722
5	4724
6	4726
5	4728
5	4730
5	4732
5	4734
5	4736
5	4738
5	4740
5	4742
5	4744
5	4746
5	4748
5	4500
5	4503
5	4505
5	4506
5	4509
5	4511
5	4513
5	4515
5	4517
5	4519
5	4521
5	4523
5	4525
5	4527
5	4529
5	4530
5	4533
5	4534
5	4536
5	4539
5	4541
5	4543
5	4544
5	4547
5	4548
5	4550
5	4553
5	4555
5	4557
5	4559
5	4561
5	4563
5	4565
5	4566
5	4569
5	4570
5	4573
5	4575
5	4577
5	4579
5	4581
5	4583
5	4585
5	4587
5	4589
5	4591
5	4593
5	4595
5	4597
5	4599
5	4600
5	4603
5	4605
5	4607
5	4609
5	4610
5	4612
5	4615
5	4617
5	4619
5	4621
5	4623
5	4625
5	4626
5	4629
5	4631
5	4633
5	4635
5	4637
5	4638
5	4640
5	4643
5	4645
5	4646
5	4649
5	4651
5	4653
5	4655
5	4657
5	4659
5	4661
5	4663
5	4665
5	4667
5	4669
5	4671
5	4673
5	4674
5	4677
5	4679
5	4681
5	4683
5	4684
5	4687
5	4689
5	4691
5	4692
5	4695
5	4697
5	4698
5	4701
5	4703
5	4705
5	4707
5	4709
5	4711
5	4713
5	4714
5	4716
5	4719
5	4721
5	4723
5	4725
5	4726
5	4729
5	4731
5	4733
5	4735
5	4737
5	4739
5	4741
5	4743
5	4745
5	4747
5	4749
5	4501
6	4503
6	4505
5	4507
6	4509
6	4511
6	4513
6	4515
6	4517
6	4519
6	4521
6	4523
6	4525
6	4527
6	4529
5	4531
6	4533
5	4535
5	4537
6	4539
6	4541
6	4543
5	4545
6	4547
5	4549
5	4551
6	4553
6	4555
6	4557
6	4559
6	4561
6	4563
6	4565
5	4567
6	4569
5	4571
6	4573
6	4575
6	4577
6	4579
6	4581
6	4583
6	4585
6	4587
6	4589
6	4591
6	4593
6	4595
6	4597
6	4599
5	4601
6	4603
6	4605
6	4607
6	4609
5	4611
5	4613
6	4615
6	4617
6	4619
6	4621
6	4623
6	4625
5	4627
6	4629
6	4631
6	4633
6	4635
6	4637
5	4639
5	4641
6	4643
6	4645
5	4647
6	4649
6	4651
6	4653
6	4655
6	4657
6	4659
6	4661
6	4663
6	4665
6	4667
6	4669
6	4671
6	4673
5	4675
6	4677
6	4679
6	4681
6	4683
5	4685
6	4687
6	4689
6	4691
5	4693
6	4695
6	4697
5	4699
6	4701
6	4703
6	4705
6	4707
6	4709
6	4711
6	4713
5	4715
5	4717
6	4719
6	4721
6	4723
6	4725
5	4727
6	4729
6	4731
6	4733
6	4735
6	4737
6	4739
6	4741
6	4743
6	4745
6	4747
6	4749
6	4501
7	4503:1:4:3
7	4505:3:4:5
6	4507
7	4509:3:4:0
7	4511:3:4:5
7	4513:0:4:3
7	4515:0:4:3
7	4517:1:4:4
7	4519:3:1:2
7	4521:1:4:4
7	4523:1:3:2
7	4525:0:4:3
7	4527:1:4:4
7	4529:1:4:4
6	4531
7	4533:3:4:0
6	4535
6	4537
7	4539:0:4:3
7	4541:1:3:2
7	4543:3:1:2
6	4545
7	4547:3:4:5
6	4549
6	4551
7	4553:3:4:0
7	4555:1:4:4
7	4557:1:3:2
7	4559:3:1:2
7	4561:3:4:5
7	4563:2:4:4
7	4565:2:4:4
6	4567
7	4569:1:4:4
6	4571
7	4573:0:4:3
7	4575:3:4:0
7	4577:2:4:4
7	4579:1:4:4
7	4581:0:4:3
7	4583:3:1:2
7	4585:3:1:2
7	4587:3:1:2
7	4589:1:3:2
7	4591:1:4:3
7	4593:2:4:4
7	4595:3:1:2
7	4597:3:1:2
7	4599:1:4:4
6	4601
7	4603:0:4:3
7	4605:3:4:5
7	4607:1:4:4
7	4609:3:4:0
6	4611
6	4613
7	4615:3:1:2
7	4617:1:4:3
7	4619:2:4:4
7	4621:0:4:3
7	4623:3:4:5
7	4625:1:4:3
6	4627
7	4629:3:4:5
7	4631:1:4:4
7	4633:2:4:4
7	4635:1:4:3
7	4637:1:4:3
6	4639
6	4641
7	4643:1:3:2
7	4645:3:1:2
6	4647
7	4649:1:3:2
7	4651:1:4:3
7	4653:2:4:4
7	4655:3:1:2
7	4657:1:4:3
7	4659:3:4:5
7	4661:1:4:4
7	4663:0:4:3
7	4665:0:4:3
7	4667:0:4:3
7	4669:1:3:2
7	4671:0:4:3
7	4673:3:4:5
6	4675
7	4677:3:4:0
7	4679:3:4:5
7	4681:3:4:0
7	4683:3:4:5
6	4685
7	4687:3:4:0
7	4689:0:4:3
7	4691:3:4:5
6	4693
7	4695:1:3:2
7	4697:1:4:4
6	4699
7	4701:3:4:0
7	4703:1:4:4
7	4705:1:4:3
7	4707:2:4:4
7	4709:3:1:2
7	4711:3:1:2
7	4713:3:4:0
6	4715
6	4717
7	4719:2:4:4
7	4721:3:4:0
7	4723:1:3:2
7	4725:2:4:4
6	4727
7	4729:3:1:2
7	4731:3:4:5
7	4733:1:3:2
7	4735:2:4:4
7	4737:3:4:0
7	4739:2:4:4
7	4741:0:4:3
7	4743:0:4:3
7	4745:0:4:3
7	4747:3:1:2
7	4749:3:4:0
7	4501:1:4:3
6	4503
6	4505
7	4507:3:4:5
7	4509:3:4:5
6	4511
6	4513
6	4515
6	4517
6	4519
6	4521
7	4523:1:4:3
6	4525
6	4527
6	4529
7	4531:1:4:3
7	4533:3:4:5
7	4535:1:4:3
7	4537:3:4:5
6	4539
7	4541:1:4:3
6	4543
7	4545:3:4:5
6	4547
7	4549:3:4:5
7	4551:3:4:5
7	4553:3:4:5
6	4555
7	4557:1:4:3
6	4559
6	4561
6	4563
6	4565
7	4567:3:4:5
6	4569
7	4571:1:4:3
6	4573
7	4575:3:4:5
6	4577
6	4579
6	4581
6	4583
6	4585
6	4587
7	4589:1:4:3
6	4591
6	4593
6	4595
6	4597
6	4599
7	4601:3:4:5
6	4603
6	4605
6	4607
7	4609:3:4:5
7	4611:3:4:5
7	4613:3:4:5
6	4615
6	4617
6	4619
6	4621
6	4623
6	4625
7	4627:1:4:3
6	4629
6	4631
6	4633
6	4635
6	4637
7	4639:1:4:3
7	4641:3:4:5
7	4643:1:4:3
6	4645
7	4647:1:4:3
7	4649:1:4:3
6	4651
6	4653
6	4655
6	4657
6	4659
6	4661
6	4663
6	4665
6	4667
7	4669:1:4:3
6	4671
6	4673
7	4675:3:4:5
7	4677:3:4:5
6	4679
7	4681:3:4:5
6	4683
7	4685:3:4:5
7	4687:3:4:5
6	4689
6	4691
7	4693:1:4:3
7	4695:1:4:3
6	4697
7	4699:1:4:3
7	4701:3:4:5
6	4703
6	4705
6	4707
6	4709
6	4711
7	4713:3:4:5
7	4715:3:4:5
7	4717:1:4:3
6	4719
7	4721:3:4:5
7	4723:1:4:3
6	4725
7	4727:3:4:5
6	4729
6	4731
7	4733:1:4:3
6	4735
7	4737:3:4:5
6	4739
6	4741
6	4743
6	4745
6	4747
7	4749:3:4:5
6	4501
5	4502
5	4504
6	4507
6	4509
5	4510
5	4512
5	4514
5	4516
5	4518
5	4520
6	4523
5	4524
5	4526
5	4528
6	4531
6	4533
6	4535
6	4537
5	4538
6	4541
5	4542
6	4545
5	4546
6	4549
6	4551
6	4553
5	4554
6	4557
5	4558
5	4560
5	4562
5	4564
6	4567
5	4568
6	4571
5	4572
6	4575
5	4576
5	4578
5	4580
5	4582
5	4584
5	4586
6	4589
5	4590
5	4592
5	4594
5	4596
5	4598
6	4601
5	4602
5	4604
5	4606
6	4609
6	4611
6	4613
5	4614
5	4616
5	4618
5	4620
5	4622
5	4624
6	4627
5	4628
5	4630
5	4632
5	4634
5	4636
6	4639
6	4641
6	4643
5	4644
6	4647
6	4649
5	4650
5	4652
5	4654
5	4656
5	4658
5	4660
5	4662
5	4664
5	4666
6	4669
5	4670
5	4672
6	4675
6	4677
5	4678
6	4681
5	4682
6	4685
6	4687
5	4688
5	4690
6	4693
6	4695
5	4696
6	4699
6	4701
5	4702
5	4704
5	4706
5	4708
5	4710
6	4713
6	4715
6	4717
5	4718
6	4721
6	4723
5	4724
6	4727
5	4728
5	4730
6	4733
5	4734
6	4737
5	4738
5	4740
5	4742
5	4744
5	4746
6	4749
5	4500
5	4503
5	4505
5	4506
5	4508
5	4511
5	4513
5	4515
5	4517
5	4519
5	4521
5	4522
5	4525
5	4527
5	4529
5	4530
5	4532
5	4534
5	4536
5	4539
5	4540
5	4543
5	4544
5	4547
5	4548
5	4550
5	4552
5	4555
5	4556
5	4559
5	4561
5	4563
5	4565
5	4566
5	4569
5	4570
5	4573
5	4574
5	4577
5	4579
5	4581
5	4583
5	4585
5	4587
5	4588
5	4591
5	4593
5	4595
5	4597
5	4599
5	4600
5	4603
5	4605
5	4607
5	4608
5	4610
5	4612
5	4615
5	4617
5	4619
5	4621
5	4623
5	4625
5	4626
5	4629
5	4631
5	4633
5	4635
5	4637
5	4638
5	4640
5	4642
5	4645
5	4646
5	4648
5	4651
5	4653
5	4655
5	4657
5	4659
5	4661
5	4663
5	4665
5	4667
5	4668
5	4671
5	4673
5	4674
5	4676
5	4679
5	4680
5	4683
5	4684
5	4686
5	4689
5	4691
5	4692
5	4694
5	4697
5	4698
5	4700
5	4703
5	4705
5	4707
5	4709
5	4711
5	4712
5	4714
5	4716
5	4719
5	4720
5	4722
5	4725
5	4726
5	4729
5	4731
5	4732
5	4735
5	4736
5	4739
5	4741
5	4743
5	4745
5	4747
5	4748
5	4501
6	4502
6	4504
5	4507
5	4509
6	4510
6	4512
6	4514
6	4516
6	4518
6	4520
5	4523
6	4524
6	4526
6	4528
5	4531
5	4533
5	4535
5	4537
6	4538
5	4541
6	4542
5	4545
6	4546
5	4549
5	4551
5	4553
6	4554
5	4557
6	4558
6	4560
6	4562
6	4564
5	4567
6	4568
5	4571
6	4572
5	4575
6	4576
6	4578
6	4580
6	4582
6	4584
6	4586
5	4589
6	4590
6	4592
6	4594
6	4596
6	4598
5	4601
6	4602
6	4604
6	4606
5	4609
5	4611
5	4613
6	4614
6	4616
6	4618
6	4620
6	4622
6	4624
5	4627
6	4628
6	4630
6	4632
6	4634
6	4636
5	4639
5	4641
5	4643
6	4644
5	4647
5	4649
6	4650
6	4652
6	4654
6	4656
6	4658
6	4660
6	4662
6	4664
6	4666
5	4669
6	4670
6	4672
5	4675
5	4677
6	4678
5	4681
6	4682
5	4685
5	4687
6	4688
6	4690
5	4693
5	4695
6	4696
5	4699
5	4701
6	4702
6	4704
6	4706
6	4708
6	4710
5	4713
5	4715
5	4717
6	4718
5	4721
5	4723
6	4724
5	4727
6	4728
6	4730
5	4733
6	4734
5	4737
6	4738
6	4740
6	4742
6	4744
6	4746
5	4749
6	4500
7	4502:0:0:0
7	4504:1:0:1
6	4506
6	4508
7	4510:1:0:1
7	4512:0:3:2
7	4514:0:3:2
7	4516:4:0:6
7	4518:1:0:0
7	4520:4:0:6
6	4522
7	4524:0:3:2
7	4526:4:0:6
7	4528:4:0:6
6	4530
6	4532
6	4534
6	4536
7	4538:0:3:2
6	4540
7	4542:1:0:0
6	4544
7	4546:1:0:1
6	4548
6	4550
6	4552
7	4554:4:0:6
6	4556
7	4558:1:0:0
7	4560:1:0:1
7	4562:3:0:1
7	4564:3:0:1
6	4566
7	4568:4:0:6
6	4570
7	4572:0:3:2
6	4574
7	4576:3:0:1
7	4578:4:0:6
7	4580:0:3:2
7	4582:1:0:0
7	4584:1:0:0
7	4586:1:0:0
6	4588
7	4590:0:0:0
7	4592:3:0:1
7	4594:1:0:0
7	4596:1:0:0
7	4598:4:0:6
6	4600
7	4602:0:3:2
7	4604:1:0:1
7	4606:4:0:6
6	4608
6	4610
6	4612
7	4614:1:0:0
7	4616:0:0:0
7	4618:3:0:1
7	4620:0:3:2
7	4622:1:0:1
7	4624:0:0:0
6	4626
7	4628:1:0:1
7	4630:4:0:6
7	4632:3:0:1
7	4634:0:0:0
7	4636:0:0:0
6	4638
6	4640
6	4642
7	4644:1:0:0
6	4646
6	4648
7	4650:0:0:0
7	4652:3:0:1
7	4654:1:0:0
7	4656:0:0:0
7	4658:1:0:1
7	4660:4:0:6
7	4662:0:3:2
7	4664:0:3:2
7	4666:0:3:2
6	4668
7	4670:0:3:2
7	4672:1:0:1
6	4674
6	4676
7	4678:1:0:1
6	4680
7	4682:1:0:1
6	4684
6	4686
7	4688:0:3:2
7	4690:1:0:1
6	4692
6	4694
7	4696:4:0:6
6	4698
6	4700
7	4702:4:0:6
7	4704:0:0:0
7	4706:3:0:1
7	4708:1:0:0
7	4710:1:0:0
6	4712
6	4714
6	4716
7	4718:3:0:1
6	4720
6	4722
7	4724:3:0:1
6	4726
7	4728:1:0:0
7	4730:1:0:1
6	4732
7	4734:3:0:1
6	4736
7	4738:3:0:1
7	4740:0:3:2
7	4742:0:3:2
7	4744:0:3:2
7	4746:1:0:0
6	4748
7	4500:1:0:1
6	4502
6	4504
7	4506:2:1:0
7	4508:1:3:2
6	4510
6	4512
6	4514
6	4516
6	4518
6	4520
7	4522:1:3:2
6	4524
6	4526
6	4528
7	4530:1:0:1
7	4532:1:3:2
7	4534:1:0:1
7	4536:2:1:0
6	4538
7	4540:1:3:2
6	4542
7	4544:2:1:0
6	4546
7	4548:2:1:0
7	4550:2:1:0
7	4552:1:3:2
6	4554
7	4556:1:3:2
6	4558
6	4560
7	4562:3:0:7
7	4564:3:0:7
7	4566:2:1:0
6	4568
7	4570:1:0:1
6	4572
7	4574:1:3:2
7	4576:3:0:7
6	4578
6	4580
6	4582
6	4584
6	4586
7	4588:1:3:2
6	4590
7	4592:3:0:7
6	4594
6	4596
6	4598
7	4600:2:1:0
6	4602
6	4604
6	4606
7	4608:1:3:2
7	4610:2:1:0
7	4612:2:1:0
6	4614
6	4616
7	4618:3:0:7
6	4620
6	4622
6	4624
7	4626:1:0:1
6	4628
6	4630
7	4632:3:0:7
6	4634
6	4636
7	4638:1:0:1
7	4640:2:1:0
7	4642:1:3:2
6	4644
7	4646:1:0:1
7	4648:1:3:2
6	4650
7	4652:3:0:7
6	4654
6	4656
6	4658
6	4660
6	4662
6	4664
6	4666
7	4668:1:3:2
6	4670
6	4672
7	4674:2:1:0
7	4676:1:3:2
6	4678
7	4680:1:3:2
6	4682
7	4684:2:1:0
7	4686:1:3:2
6	4688
6	4690
7	4692:1:0:1
7	4694:1:3:2
6	4696
7	4698:1:0:1
7	4700:1:3:2
6	4702
6	4704
7	4706:3:0:7
6	4708
6	4710
7	4712:1:3:2
7	4714:2:1:0
7	4716:1:0:1
7	4718:3:0:7
7	4720:1:3:2
7	4722:1:3:2
7	4724:3:0:7
7	4726:2:1:0
6	4728
6	4730
7	4732:1:3:2
7	4734:3:0:7
7	4736:1:3:2
7	4738:3:0:7
6	4740
6	4742
6	4744
6	4746
7	4748:1:3:2
6	4500
5	4502
5	4504
6	4506
6	4508
5	4510
5	4512
5	4514
5	4516
5	4518
5	4520
6	4522
5	4524
5	4526
5	4528
6	4530
6	4532
6	4534
6	4536
5	4538
6	4540
5	4542
6	4544
5	4546
6	4548
6	4550
6	4552
5	4554
6	4556
5	4558
5	4560
7	4562:4:0:7
7	4564:4:0:7
6	4566
5	4568
6	4570
5	4572
6	4574
7	4576:4:0:7
5	4578
5	4580
5	4582
5	4584
5	4586
6	4588
5	4590
7	4592:4:0:7
5	4594
5	4596
5	4598
6	4600
5	4602
5	4604
5	4606
6	4608
6	4610
6	4612
5	4614
5	4616
7	4618:4:0:7
5	4620
5	4622
5	4624
6	4626
5	4628
5	4630
7	4632:4:0:7
5	4634
5	4636
6	4638
6	4640
6	4642
5	4644
6	4646
6	4648
5	4650
7	4652:4:0:7
5	4654
5	4656
5	4658
5	4660
5	4662
5	4664
5	4666
6	4668
5	4670
5	4672
6	4674
6	4676
5	4678
6	4680
5	4682
6	4684
6	4686
5	4688
5	4690
6	4692
6	4694
5	4696
6	4698
6	4700
5	4702
5	4704
7	4706:4:0:7
5	4708
5	4710
6	4712
6	4714
6	4716
7	4718:4:0:7
6	4720
6	4722
7	4724:4:0:7
6	4726
5	4728
5	4730
6	4732
7	4734:4:0:7
6	4736
7	4738:4:0:7
5	4740
5	4742
5	4744
5	4746
6	4748
5	4500
5	4503
5	4505
5	4506
5	4508
5	4511
5	4513
5	4515
5	4517
5	4519
5	4521
5	4522
5	4525
5	4527
5	4529
5	4530
5	4532
5	4534
5	4536
5	4539
5	4540
5	4543
5	4544
5	4547
5	4548
5	4550
5	4552
5	4555
5	4556
5	4559
5	4561
6	4562
6	4564
5	4566
5	4569
5	4570
5	4573
5	4574
6	4576
5	4579
5	4581
5	4583
5	4585
5	4587
5	4588
5	4591
6	4592
5	4595
5	4597
5	4599
5	4600
5	4603
5	4605
5	4607
5	4608
5	4610
5	4612
5	4615
5	4617
6	4618
5	4621
5	4623
5	4625
5	4626
5	4629
5	4631
6	4632
5	4635
5	4637
5	4638
5	4640
5	4642
5	4645
5	4646
5	4648
5	4651
6	4652
5	4655
5	4657
5	4659
5	4661
5	4663
5	4665
5	4667
5	4668
5	4671
5	4673
5	4674
5	4676
5	4679
5	4680
5	4683
5	4684
5	4686
5	4689
5	4691
5	4692
5	4694
5	4697
5	4698
5	4700
5	4703
5	4705
6	4706
5	4709
5	4711
5	4712
5	4714
5	4716
6	4718
5	4720
5	4722
6	4724
5	4726
5	4729
5	4731
5	4732
6	4734
5	4736
6	4738
5	4741
5	4743
5	4745
5	4747
5	4748
5	4501
6	4503
6	4505
5	4507
5	4509
6	4511
6	4513
6	4515
6	4517
6	4519
6	4521
5	4523
6	4525
6	4527
6	4529
5	4531
5	4533
5	4535
5	4537
6	4539
5	4541
6	4543
5	4545
6	4547
5	4549
5	4551
5	4553
6	4555
5	4557
6	4559
6	4561
5	4562
5	4564
5	4567
6	4569
5	4571
6	4573
5	4575
5	4576
6	4579
6	4581
6	4583
6	4585
6	4587
5	4589
6	4591
5	4592
6	4595
6	4597
6	4599
5	4601
6	4603
6	4605
6	4607
5	4609
5	4611
5	4613
6	4615
6	4617
5	4618
6	4621
6	4623
6	4625
5	4627
6	4629
6	4631
5	4632
6	4635
6	4637
5	4639
5	4641
5	4643
6	4645
5	4647
5	4649
6	4651
5	4652
6	4655
6	4657
6	4659
6	4661
6	4663
6	4665
6	4667
5	4669
6	4671
6	4673
5	4675
5	4677
6	4679
5	4681
6	4683
5	4685
5	4687
6	4689
6	4691
5	4693
5	4695
6	4697
5	4699
5	4701
6	4703
6	4705
5	4706
6	4709
6	4711
5	4713
5	4715
5	4717
5	4718
5	4721
5	4723
5	4724
5	4727
6	4729
6	4731
5	4733
5	4734
5	4737
5	4738
6	4741
6	4743
6	4745
6	4747
5	4749
6	4501
7	4503:4:1:6
7	4505:4:4:5
6	4507
6	4509
7	4511:4:4:5
7	4513:3:4:5
7	4515:3:4:5
7	4517:3:4:4
7	4519:3:4:3
7	4521:3:4:4
6	4523
7	4525:3:4:5
7	4527:3:4:4
7	4529:3:4:4
6	4531
6	4533
6	4535
6	4537
7	4539:3:4:5
6	4541
7	4543:3:4:3
6	4545
7	4547:4:4:5
6	4549
6	4551
6	4553
7	4555:3:4:4
6	4557
7	4559:3:4:3
7	4561:4:4:5
5	4563
5	4565
6	4567
7	4569:3:4:4
6	4571
7	4573:3:4:5
6	4575
5	4577
7	4579:3:4:4
7	4581:3:4:5
7	4583:3:4:3
7	4585:3:4:3
7	4587:3:4:3
6	4589
7	4591:4:1:6
5	4593
7	4595:3:4:3
7	4597:3:4:3
7	4599:3:4:4
6	4601
7	4603:3:4:5
7	4605:4:4:5
7	4607:3:4:4
6	4609
6	4611
6	4613
7	4615:3:4:3
7	4617:4:1:6
5	4619
7	4621:3:4:5
7	4623:4:4:5
7	4625:4:1:6
6	4627
7	4629:4:4:5
7	4631:3:4:4
5	4633
7	4635:4:1:6
7	4637:4:1:6
6	4639
6	4641
6	4643
7	4645:3:4:3
6	4647
6	4649
7	4651:4:1:6
5	4653
7	4655:3:4:3
7	4657:4:1:6
7	4659:4:4:5
7	4661:3:4:4
7	4663:3:4:5
7	4665:3:4:5
7	4667:3:4:5
6	4669
7	4671:3:4:5
7	4673:4:4:5
6	4675
6	4677
7	4679:4:4:5
6	4681
7	4683:4:4:5
6	4685
6	4687
7	4689:3:4:5
7	4691:4:4:5
6	4693
6	4695
7	4697:3:4:4
6	4699
6	4701
7	4703:3:4:4
7	4705:4:1:6
5	4707
7	4709:3:4:3
7	4711:3:4:3
6	4713
6	4715
6	4717
5	4719
6	4721
6	4723
5	4725
6	4727
7	4729:3:4:3
7	4731:4:4:5
6	4733
5	4735
6	4737
5	4739
7	4741:3:4:5
7	4743:3:4:5
7	4745:3:4:5
7	4747:3:4:3
6	4749
7	4501:4:1:6
6	4503
6	4505
7	4507:4:4:5
7	4509:1:4:4
6	4511
6	4513
6	4515
6	4517
6	4519
6	4521
7	4523:0:4:3
6	4525
6	4527
6	4529
7	4531:4:1:6
7	4533:1:4:4
7	4535:4:1:6
7	4537:4:4:5
6	4539
7	4541:0:4:3
6	4543
7	4545:4:4:5
6	4547
7	4549:4:4:5
7	4551:4:4:5
7	4553:1:4:4
6	4555
7	4557:0:4:3
6	4559
6	4561
6	4563
6	4565
7	4567:4:4:5
6	4569
7	4571:4:1:6
6	4573
7	4575:1:4:4
6	4577
6	4579
6	4581
6	4583
6	4585
6	4587
7	4589:0:4:3
6	4591
6	4593
6	4595
6	4597
6	4599
7	4601:4:4:5
6	4603
6	4605
6	4607
7	4609:1:4:4
7	4611:4:4:5
7	4613:4:4:5
6	4615
6	4617
6	4619
6	4621
6	4623
6	4625
7	4627:4:1:6
6	4629
6	4631
6	4633
6	4635
6	4637
7	4639:4:1:6
7	4641:4:4:5
7	4643:0:4:3
6	4645
7	4647:4:1:6
7	4649:0:4:3
6	4651
6	4653
6	4655
6	4657
6	4659
6	4661
6	4663
6	4665
6	4667
7	4669:0:4:3
6	4671
6	4673
7	4675:4:4:5
7	4677:1:4:4
6	4679
7	4681:1:4:4
6	4683
7	4685:4:4:5
7	4687:1:4:4
6	4689
6	4691
7	4693:4:1:6
7	4695:0:4:3
6	4697
7	4699:4:1:6
7	4701:1:4:4
6	4703
6	4705
6	4707
6	4709
6	4711
7	4713:1:4:4
7	4715:4:4:5
7	4717:4:1:6
6	4719
7	4721:1:4:4
7	4723:0:4:3
6	4725
7	4727:4:4:5
6	4729
6	4731
7	4733:0:4:3
6	4735
7	4737:1:4:4
6	4739
6	4741
6	4743
6	4745
6	4747
7	4749:1:4:4
6	4501
5	4502
5	4504
6	4507
6	4509
5	4510
5	4512
5	4514
5	4516
5	4518
5	4520
6	4523
5	4524
5	4526
5	4528
6	4531
6	4533
6	4535
6	4537
5	4538
6	4541
5	4542
6	4545
5	4546
6	4549
6	4551
6	4553
5	4554
6	4557
5	4558
5	4560
7	4563:0:4:4
7	4565:0:4:4
6	4567
5	4568
6	4571
5	4572
6	4575
7	4577:0:4:4
5	4578
5	4580
5	4582
5	4584
5	4586
6	4589
5	4590
7	4593:0:4:4
5	4594
5	4596
5	4598
6	4601
5	4602
5	4604
5	4606
6	4609
6	4611
6	4613
5	4614
5	4616
7	4619:0:4:4
5	4620
5	4622
5	4624
6	4627
5	4628
5	4630
7	4633:0:4:4
5	4634
5	4636
6	4639
6	4641
6	4643
5	4644
6	4647
6	4649
5	4650
7	4653:0:4:4
5	4654
5	4656
5	4658
5	4660
5	4662
5	4664
5	4666
6	4669
5	4670
5	4672
6	4675
6	4677
5	4678
6	4681
5	4682
6	4685
6	4687
5	4688
5	4690
6	4693
6	4695
5	4696
6	4699
6	4701
5	4702
5	4704
7	4707:0:4:4
5	4708
5	4710
6	4713
6	4715
6	4717
7	4719:0:4:4
6	4721
6	4723
7	4725:0:4:4
6	4727
5	4728
5	4730
6	4733
7	4735:0:4:4
6	4737
7	4739:0:4:4
5	4740
5	4742
5	4744
5	4746
6	4749
5	4500
5	4503
5	4505
5	4506
5	4508
5	4511
5	4513
5	4515
5	4517
5	4519
5	4521
5	4522
5	4525
5	4527
5	4529
5	4530
5	4532
5	4534
5	4536
5	4539
5	4540
5	4543
5	4544
5	4547
5	4548
5	4550
5	4552
5	4555
5	4556
5	4559
5	4561
6	4563
6	4565
5	4566
5	4569
5	4570
5	4573
5	4574
6	4577
5	4579
5	4581
5	4583
5	4585
5	4587
5	4588
5	4591
6	4593
5	4595
5	4597
5	4599
5	4600
5	4603
5	4605
5	4607
5	4608
5	4610
5	4612
5	4615
5	4617
6	4619
5	4621
5	4623
5	4625
5	4626
5	4629
5	4631
6	4633
5	4635
5	4637
5	4638
5	4640
5	4642
5	4645
5	4646
5	4648
5	4651
6	4653
5	4655
5	4657
5	4659
5	4661
5	4663
5	4665
5	4667
5	4668
5	4671
5	4673
5	4674
5	4676
5	4679
5	4680
5	4683
5	4684
5	4686
5	4689
5	4691
5	4692
5	4694
5	4697
5	4698
5	4700
5	4703
5	4705
6	4707
5	4709
5	4711
5	4712
5	4714
5	4716
6	4719
5	4720
5	4722
6	4725
5	4726
5	4729
5	4731
5	4732
6	4735
5	4736
6	4739
5	4741
5	4743
5	4745
5	4747
5	4748
5	4501
6	4502
6	4504
5	4507
5	4509
6	4510
6	4512
6	4514
6	4516
6	4518
6	4520
5	4523
6	4524
6	4526
6	4528
5	4531
5	4533
5	4535
5	4537
6	4538
5	4541
6	4542
5	4545
6	4546
5	4549
5	4551
5	4553
6	4554
5	4557
6	4558
6	4560
5	4562
5	4564
5	4567
6	4568
5	4571
6	4572
5	4575
5	4576
6	4578
6	4580
6	4582
6	4584
6	4586
5	4589
6	4590
5	4592
6	4594
6	4596
6	4598
5	4601
6	4602
6	4604
6	4606
5	4609
5	4611
5	4613
6	4614
6	4616
5	4618
6	4620
6	4622
6	4624
5	4627
6	4628
6	4630
5	4632
6	4634
6	4636
5	4639
5	4641
5	4643
6	4644
5	4647
5	4649
6	4650
5	4652
6	4654
6	4656
6	4658
6	4660
6	4662
6	4664
6	4666
5	4669
6	4670
6	4672
5	4675
5	4677
6	4678
5	4681
6	4682
5	4685
5	4687
6	4688
6	4690
5	4693
5	4695
6	4696
5	4699
5	4701
6	4702
6	4704
5	4706
6	4708
6	4710
5	4713
5	4715
5	4717
5	4718
5	4721
5	4723
5	4724
5	4727
6	4728
6	4730
5	4733
5	4734
5	4737
5	4738
6	4740
6	4742
6	4744
6	4746
5	4749
6	4500
7	4502:2:0:1
7	4504:4:3:6
6	4506
6	4508
7	4510:4:3:6
7	4512:3:0:7
7	4514:3:0:7
7	4516:0:3:3
7	4518:2:3:4
7	4520:0:3:3
6	4522
7	4524:3:0:7
7	4526:0:3:3
7	4528:0:3:3
6	4530
6	4532
6	4534
6	4536
7	4538:3:0:7
6	4540
7	4542:2:3:4
6	4544
7	4546:4:3:6
6	4548
6	4550
6	4552
7	4554:0:3:3
6	4556
7	4558:2:3:4
7	4560:4:3:6
5	4563
5	4565
6	4566
7	4568:0:3:3
6	4570
7	4572:3:0:7
6	4574
5	4577
7	4578:0:3:3
7	4580:3:0:7
7	4582:2:3:4
7	4584:2:3:4
7	4586:2:3:4
6	4588
7	4590:2:0:1
5	4593
7	4594:2:3:4
7	4596:2:3:4
7	4598:0:3:3
6	4600
7	4602:3:0:7
7	4604:4:3:6
7	4606:0:3:3
6	4608
6	4610
6	4612
7	4614:2:3:4
7	4616:2:0:1
5	4619
7	4620:3:0:7
7	4622:4:3:6
7	4624:2:0:1
6	4626
7	4628:4:3:6
7	4630:0:3:3
5	4633
7	4634:2:0:1
7	4636:2:0:1
6	4638
6	4640
6	4642
7	4644:2:3:4
6	4646
6	4648
7	4650:2:0:1
5	4653
7	4654:2:3:4
7	4656:2:0:1
7	4658:4:3:6
7	4660:0:3:3
7	4662:3:0:7
7	4664:3:0:7
7	4666:3:0:7
6	4668
7	4670:3:0:7
7	4672:4:3:6
6	4674
6	4676
7	4678:4:3:6
6	4680
7	4682:4:3:6
6	4684
6	4686
7	4688:3:0:7
7	4690:4:3:6
6	4692
6	4694
7	4696:0:3:3
6	4698
6	4700
7	4702:0:3:3
7	4704:2:0:1
5	4707
7	4708:2:3:4
7	4710:2:3:4
6	4712
6	4714
6	4716
5	4719
6	4720
6	4722
5	4725
6	4726
7	4728:2:3:4
7	4730:4:3:6
6	4732
5	4735
6	4736
5	4739
7	4740:3:0:7
7	4742:3:0:7
7	4744:3:0:7
7	4746:2:3:4
6	4748
7	4500:0:0:0
6	4502
6	4504
7	4506:2:0:0
7	4508:2:0:0
6	4510
6	4512
6	4514
6	4516
6	4518
6	4520
7	4522:2:0:0
6	4524
6	4526
6	4528
7	4530:0:0:0
7	4532:2:0:0
7	4534:0:0:0
7	4536:2:0:0
6	4538
7	4540:2:0:0
6	4542
7	4544:2:0:0
6	4546
7	4548:2:0:0
7	4550:2:0:0
7	4552:2:0:0
6	4554
7	4556:2:0:0
6	4558
6	4560
6	4562
6	4564
7	4566:2:0:0
6	4568
7	4570:0:0:0
6	4572
7	4574:2:0:0
6	4576
6	4578
6	4580
6	4582
6	4584
6	4586
7	4588:2:0:0
6	4590
6	4592
6	4594
6	4596
6	4598
7	4600:2:0:0
6	4602
6	4604
6	4606
7	4608:2:0:0
7	4610:2:0:0
7	4612:2:0:0
6	4614
6	4616
6	4618
6	4620
6	4622
6	4624
7	4626:0:0:0
6	4628
6	4630
6	4632
6	4634
6	4636
7	4638:0:0:0
7	4640:2:0:0
7	4642:2:0:0
6	4644
7	4646:0:0:0
7	4648:2:0:0
6	4650
6	4652
6	4654
6	4656
6	4658
6	4660
6	4662
6	4664
6	4666
7	4668:2:0:0
6	4670
6	4672
7	4674:2:0:0
7	4676:2:0:0
6	4678
7	4680:2:0:0
6	4682
7	4684:2:0:0
7	4686:2:0:0
6	4688
6	4690
7	4692:0:0:0
7	4694:2:0:0
6	4696
7	4698:0:0:0
7	4700:2:0:0
6	4702
6	4704
6	4706
6	4708
6	4710
7	4712:2:0:0
7	4714:2:0:0
7	4716:0:0:0
6	4718
7	4720:2:0:0
7	4722:2:0:0
6	4724
7	4726:2:0:0
6	4728
6	4730
7	4732:2:0:0
6	4734
7	4736:2:0:0
6	4738
6	4740
6	4742
6	4744
6	4746
7	4748:2:0:0
6	4500
5	4502
5	4504
6	4506
6	4508
5	4510
5	4512
5	4514
5	4516
5	4518
5	4520
6	4522
5	4524
5	4526
5	4528
6	4530
6	4532
6	4534
6	4536
5	4538
6	4540
5	4542
6	4544
5	4546
6	4548
6	4550
6	4552
5	4554
6	4556
5	4558
5	4560
7	4562:2:2:3
7	4564:2:2:3
6	4566
5	4568
6	4570
5	4572
6	4574
7	4576:2:2:3
5	4578
5	4580
5	4582
5	4584
5	4586
6	4588
5	4590
7	4592:2:2:3
5	4594
5	4596
5	4598
6	4600
5	4602
5	4604
5	4606
6	4608
6	4610
6	4612
5	4614
5	4616
7	4618:2:2:3
5	4620
5	4622
5	4624
6	4626
5	4628
5	4630
7	4632:2:2:3
5	4634
5	4636
6	4638
6	4640
6	4642
5	4644
6	4646
6	4648
5	4650
7	4652:2:2:3
5	4654
5	4656
5	4658
5	4660
5	4662
5	4664
5	4666
6	4668
5	4670
5	4672
6	4674
6	4676
5	4678
6	4680
5	4682
6	4684
6	4686
5	4688
5	4690
6	4692
6	4694
5	4696
6	4698
6	4700
5	4702
5	4704
7	4706:2:2:3
5	4708
5	4710
6	4712
6	4714
6	4716
7	4718:2:2:3
6	4720
6	4722
7	4724:2:2:3
6	4726
5	4728
5	4730
6	4732
7	4734:2:2:3
6	4736
7	4738:2:2:3
5	4740
5	4742
5	4744
5	4746
6	4748
5	4500
5	4503
5	4505
5	4506
5	4508
5	4511
5	4513
5	4515
5	4517
5	4519
5	4521
5	4522
5	4525
5	4527
5	4529
5	4530
5	4532
5	4534
5	4536
5	4539
5	4540
5	4543
5	4544
5	4547
5	4548
5	4550
5	4552
5	4555
5	4556
5	4559
5	4561
6	4562
6	4564
5	4566
5	4569
5	4570
5	4573
5	4574
6	4576
5	4579
5	4581
5	4583
5	4585
5	4587
5	4588
5	4591
6	4592
5	4595
5	4597
5	4599
5	4600
5	4603
5	4605
5	4607
5	4608
5	4610
5	4612
5	4615
5	4617
6	4618
5	4621
5	4623
5	4625
5	4626
5	4629
5	4631
6	4632
5	4635
5	4637
5	4638
5	4640
5	4642
5	4645
5	4646
5	4648
5	4651
6	4652
5	4655
5	4657
5	4659
5	4661
5	4663
5	4665
5	4667
5	4668
5	4671
5	4673
5	4674
5	4676
5	4679
5	4680
5	4683
5	4684
5	4686
5	4689
5	4691
5	4692
5	4694
5	4697
5	4698
5	4700
5	4703
5	4705
6	4706
5	4709
5	4711
5	4712
5	4714
5	4716
6	4718
5	4720
5	4722
6	4724
5	4726
5	4729
5	4731
5	4732
6	4734
5	4736
6	4738
5	4741
5	4743
5	4745
5	4747
5	4748
5	4501
6	4503
6	4505
5	4507
5	4509
6	4511
6	4513
6	4515
6	4517
6	4519
6	4521
5	4523
6	4525
6	4527
6	4529
5	4531
5	4533
5	4535
5	4537
6	4539
5	4541
6	4543
5	4545
6	4547
5	4549
5	4551
5	4553
6	4555
5	4557
6	4559
6	4561
5	4562
5	4564
5	4567
6	4569
5	4571
6	4573
5	4575
5	4576
6	4579
6	4581
6	4583
6	4585
6	4587
5	4589
6	4591
5	4592
6	4595
6	4597
6	4599
5	4601
6	4603
6	4605
6	4607
5	4609
5	4611
5	4613
6	4615
6	4617
5	4618
6	4621
6	4623
6	4625
5	4627
6	4629
6	4631
5	4632
6	4635
6	4637
5	4639
5	4641
5	4643
6	4645
5	4647
5	4649
6	4651
5	4652
6	4655
6	4657
6	4659
6	4661
6	4663
6	4665
6	4667
5	4669
6	4671
6	4673
5	4675
5	4677
6	4679
5	4681
6	4683
5	4685
5	4687
6	4689
6	4691
5	4693
5	4695
6	4697
5	4699
5	4701
6	4703
6	4705
5	4706
6	4709
6	4711
5	4713
5	4715
5	4717
5	4718
5	4721
5	4723
5	4724
5	4727
6	4729
6	4731
5	4733
5	4734
5	4737
5	4738
6	4741
6	4743
6	4745
6	4747
5	4749
6	4501
7	4503:2:4:4
7	4505:2:4:3
2	4506
2	4508
7	4511:2:4:3
7	4513:1:0:2
7	4515:1:0:2
7	4517:1:1:1
7	4519:1:4:5
7	4521:1:1:1
2	4522
7	4525:1:0:2
7	4527:1:1:1
7	4529:1:1:1
6	4531
2	4532
6	4535
2	4536
7	4539:1:0:2
2	4540
7	4543:1:4:5
2	4544
7	4547:2:4:3
2	4548
2	4550
2	4552
7	4555:1:1:1
2	4556
7	4559:1:4:5
7	4561:2:4:3
5	4563
5	4565
2	4566
7	4569:1:1:1
6	4571
7	4573:1:0:2
2	4574
5	4577
7	4579:1:1:1
7	4581:1:0:2
7	4583:1:4:5
7	4585:1:4:5
7	4587:1:4:5
2	4588
7	4591:2:4:4
5	4593
7	4595:1:4:5
7	4597:1:4:5
7	4599:1:1:1
2	4600
7	4603:1:0:2
7	4605:2:4:3
7	4607:1:1:1
2	4608
2	4610
2	4612
7	4615:1:4:5
7	4617:2:4:4
5	4619
7	4621:1:0:2
7	4623:2:4:3
7	4625:2:4:4
6	4627
7	4629:2:4:3
7	4631:1:1:1
5	4633
7	4635:2:4:4
7	4637:2:4:4
6	4639
2	4640
2	4642
7	4645:1:4:5
6	4647
2	4648
7	4651:2:4:4
5	4653
7	4655:1:4:5
7	4657:2:4:4
7	4659:2:4:3
7	4661:1:1:1
7	4663:1:0:2
7	4665:1:0:2
7	4667:1:0:2
2	4668
7	4671:1:0:2
7	4673:2:4:3
2	4674
2	4676
7	4679:2:4:3
2	4680
7	4683:2:4:3
2	4684
2	4686
7	4689:1:0:2
7	4691:2:4:3
6	4693
2	4694
7	4697:1:1:1
6	4699
2	4700
7	4703:1:1:1
7	4705:2:4:4
5	4707
7	4709:1:4:5
7	4711:1:4:5
2	4712
2	4714
6	4717
5	4719
2	4720
2	4722
5	4725
2	4726
7	4729:1:4:5
7	4731:2:4:3
2	4732
5	4735
2	4736
5	4739
7	4741:1:0:2
7	4743:1:0:2
7	4745:1:0:2
7	4747:1:4:5
2	4748
7	4501:2:4:4
6	4503
6	4505
2	4507
2	4509
6	4511
7	4513:0:1:2
7	4515:0:1:2
6	4517
6	4519
6	4521
2	4523
7	4525:0:1:2
6	4527
6	4529
7	4531:2:4:4
2	4533
7	4535:2:4:4
2	4537
7	4539:0:1:2
2	4541
6	4543
2	4545
6	4547
2	4549
2	4551
2	4553
6	4555
2	4557
6	4559
6	4561
6	4563
6	4565
2	4567
6	4569
7	4571:2:4:4
7	4573:0:1:2
2	4575
6	4577
6	4579
7	4581:0:1:2
6	4583
6	4585
6	4587
2	4589
6	4591
6	4593
6	4595
6	4597
6	4599
2	4601
7	4603:0:1:2
6	4605
6	4607
2	4609
2	4611
2	4613
6	4615
6	4617
6	4619
7	4621:0:1:2
6	4623
6	4625
7	4627:2:4:4
6	4629
6	4631
6	4633
6	4635
6	4637
7	4639:2:4:4
2	4641
2	4643
6	4645
7	4647:2:4:4
2	4649
6	4651
6	4653
6	4655
6	4657
6	4659
6	4661
7	4663:0:1:2
7	4665:0:1:2
7	4667:0:1:2
2	4669
7	4671:0:1:2
6	4673
2	4675
2	4677
6	4679
2	4681
6	4683
2	4685
2	4687
7	4689:0:1:2
6	4691
7	4693:2:4:4
2	4695
6	4697
7	4699:2:4:4
2	4701
6	4703
6	4705
6	4707
6	4709
6	4711
2	4713
2	4715
7	4717:2:4:4
6	4719
2	4721
2	4723
6	4725
2	4727
6	4729
6	4731
2	4733
6	4735
2	4737
6	4739
7	4741:0:1:2
7	4743:0:1:2
7	4745:0:1:2
6	4747
2	4749
6	4501
5	4502
5	4504
5	4510
6	4513
6	4515
5	4516
5	4518
5	4520
6	4525
5	4526
5	4528
6	4531
6	4535
6	4539
5	4542
5	4546
5	4554
5	4558
5	4560
7	4563:4:1:7
7	4565:4:1:7
5	4568
6	4571
6	4573
7	4577:4:1:7
5	4578
6	4581
5	4582
5	4584
5	4586
5	4590
7	4593:4:1:7
5	4594
5	4596
5	4598
6	4603
5	4604
5	4606
5	4614
5	4616
7	4619:4:1:7
6	4621
5	4622
5	4624
6	4627
5	4628
5	4630
7	4633:4:1:7
5	4634
5	4636
6	4639
5	4644
6	4647
5	4650
7	4653:4:1:7
5	4654
5	4656
5	4658
5	4660
6	4663
6	4665
6	4667
6	4671
5	4672
5	4678
5	4682
6	4689
5	4690
6	4693
5	4696
6	4699
5	4702
5	4704
7	4707:4:1:7
5	4708
5	4710
6	4717
7	4719:4:1:7
7	4725:4:1:7
5	4728
5	4730
7	4735:4:1:7
7	4739:4:1:7
6	4741
6	4743
6	4745
5	4746
5	4500
5	4503
5	4505
5	4511
5	4512
5	4514
5	4517
5	4519
5	4521
5	4524
5	4527
5	4529
5	4530
5	4534
5	4538
5	4543
5	4547
5	4555
5	4559
5	4561
6	4563
6	4565
5	4569
5	4570
5	4572
6	4577
5	4579
5	4580
5	4583
5	4585
5	4587
5	4591
6	4593
5	4595
5	4597
5	4599
5	4602
5	4605
5	4607
5	4615
5	4617
6	4619
5	4620
5	4623
5	4625
5	4626
5	4629
5	4631
6	4633
5	4635
5	4637
5	4638
5	4645
5	4646
5	4651
6	4653
5	4655
5	4657
5	4659
5	4661
5	4662
5	4664
5	4666
5	4670
5	4673
5	4679
5	4683
5	4688
5	4691
5	4692
5	4697
5	4698
5	4703
5	4705
6	4707
5	4709
5	4711
5	4716
6	4719
6	4725
5	4729
5	4731
6	4735
6	4739
5	4740
5	4742
5	4744
5	4747
5	4501
2	4502
6	4504
6	4510
5	4513
5	4515
6	4516
6	4518
6	4520
5	4525
6	4526
6	4528
5	4531
5	4535
5	4539
6	4542
6	4546
6	4554
6	4558
6	4560
5	4562
5	4564
6	4568
5	4571
5	4573
5	4576
6	4578
5	4581
6	4582
6	4584
6	4586
2	4590
5	4592
6	4594
6	4596
6	4598
5	4603
6	4604
6	4606
6	4614
2	4616
5	4618
5	4621
6	4622
2	4624
5	4627
6	4628
6	4630
5	4632
2	4634
2	4636
5	4639
6	4644
5	4647
2	4650
5	4652
6	4654
2	4656
6	4658
6	4660
5	4663
5	4665
5	4667
5	4671
6	4672
6	4678
6	4682
5	4689
6	4690
5	4693
6	4696
5	4699
6	4702
2	4704
5	4706
6	4708
6	4710
5	4717
5	4718
5	4724
6	4728
6	4730
5	4734
5	4738
5	4741
5	4743
5	4745
6	4746
2	4500
2	4503
7	4504:2:0:0
7	4510:2:0:0
6	4512
6	4514
7	4516:2:3:4
7	4518:1:3:2
7	4520:2:3:4
6	4524
7	4526:2:3:4
7	4528:2:3:4
2	4530
2	4534
6	4538
7	4542:1:3:2
7	4546:2:0:0
7	4554:2:3:4
7	4558:1:3:2
7	4560:2:0:0
5	4563
5	4565
7	4568:2:3:4
2	4570
6	4572
5	4577
7	4578:2:3:4
6	4580
7	4582:1:3:2
7	4584:1:3:2
7	4586:1:3:2
2	4591
5	4593
7	4594:1:3:2
7	4596:1:3:2
7	4598:2:3:4
6	4602
7	4604:2:0:0
7	4606:2:3:4
7	4614:1:3:2
2	4617
5	4619
6	4620
7	4622:2:0:0
2	4625
2	4626
7	4628:2:0:0
7	4630:2:3:4
5	4633
2	4635
2	4637
2	4638
7	4644:1:3:2
2	4646
2	4651
5	4653
7	4654:1:3:2
2	4657
7	4658:2:0:0
7	4660:2:3:4
6	4662
6	4664
6	4666
6	4670
7	4672:2:0:0
7	4678:2:0:0
7	4682:2:0:0
6	4688
7	4690:2:0:0
2	4692
7	4696:2:3:4
2	4698
7	4702:2:3:4
2	4705
5	4707
7	4708:1:3:2
7	4710:1:3:2
2	4716
5	4719
5	4725
7	4728:1:3:2
7	4730:2:0:0
5	4735
5	4739
6	4740
6	4742
6	4744
7	4746:1:3:2
2	4501
6	4504
6	4510
7	4512:3:3:6
7	4514:3:3:6
6	4516
6	4518
6	4520
7	4524:3:3:6
6	4526
6	4528
2	4531
2	4535
7	4538:3:3:6
6	4542
6	4546
6	4554
6	4558
6	4560
6	4562
6	4564
6	4568
2	4571
7	4572:3:3:6
6	4576
6	4578
7	4580:3:3:6
6	4582
6	4584
6	4586
6	4592
6	4594
6	4596
6	4598
7	4602:3:3:6
6	4604
6	4606
6	4614
6	4618
7	4620:3:3:6
6	4622
2	4627
6	4628
6	4630
6	4632
2	4639
6	4644
2	4647
6	4652
6	4654
6	4658
6	4660
7	4662:3:3:6
7	4664:3:3:6
7	4666:3:3:6
7	4670:3:3:6
6	4672
6	4678
6	4682
7	4688:3:3:6
6	4690
2	4693
6	4696
2	4699
6	4702
6	4706
6	4708
6	4710
2	4717
6	4718
6	4724
6	4728
6	4730
6	4734
6	4738
7	4740:3:3:6
7	4742:3:3:6
7	4744:3:3:6
6	4746
5	4504
5	4510
6	4512
6	4514
5	4516
5	4518
5	4520
6	4524
5	4526
5	4528
6	4538
5	4542
5	4546
5	4554
5	4558
5	4560
7	4562:3:0:0
7	4564:3:0:0
5	4568
6	4572
7	4576:3:0:0
5	4578
6	4580
5	4582
5	4584
5	4586
7	4592:3:0:0
5	4594
5	4596
5	4598
6	4602
5	4604
5	4606
5	4614
7	4618:3:0:0
6	4620
5	4622
5	4628
5	4630
7	4632:3:0:0
5	4644
7	4652:3:0:0
5	4654
5	4658
5	4660
6	4662
6	4664
6	4666
6	4670
5	4672
5	4678
5	4682
6	4688
5	4690
5	4696
5	4702
7	4706:3:0:0
5	4708
5	4710
7	4718:3:0:0
7	4724:3:0:0
5	4728
5	4730
7	4734:3:0:0
7	4738:3:0:0
6	4740
6	4742
6	4744
5	4746
5	4505
5	4511
5	4512
5	4514
5	4517
5	4519
5	4521
5	4524
5	4527
5	4529
5	4538
5	4543
5	4547
5	4555
5	4559
5	4561
6	4562
6	4564
5	4569
5	4572
6	4576
5	4579
5	4580
5	4583
5	4585
5	4587
6	4592
5	4595
5	4597
5	4599
5	4602
5	4605
5	4607
5	4615
6	4618
5	4620
5	4623
5	4629
5	4631
6	4632
5	4645
6	4652
5	4655
5	4659
5	4661
5	4662
5	4664
5	4666
5	4670
5	4673
5	4679
5	4683
5	4688
5	4691
5	4697
5	4703
6	4706
5	4709
5	4711
6	4718
6	4724
5	4729
5	4731
6	4734
6	4738
5	4740
5	4742
5	4744
5	4747
2	4504
2	4510
5	4513
5	4515
2	4516
6	4519
2	4520
5	4525
2	4526
2	4528
5	4539
6	4543
2	4546
2	4554
6	4559
2	4560
5	4562
5	4564
2	4568
5	4573
5	4576
2	4578
5	4581
6	4583
6	4585
6	4587
5	4592
6	4595
6	4597
2	4598
5	4603
2	4604
2	4606
6	4615
5	4618
5	4621
2	4622
2	4628
2	4630
5	4632
6	4645
5	4652
6	4655
2	4658
2	4660
5	4663
5	4665
5	4667
5	4671
2	4672
2	4678
2	4682
5	4689
2	4690
2	4696
2	4702
5	4706
6	4709
6	4711
5	4718
5	4724
6	4729
2	4730
5	4734
5	4738
5	4741
5	4743
5	4745
6	4747
2	4505
2	4511
6	4513
6	4515
2	4517
7	4519:0:3:3
2	4521
6	4525
2	4527
2	4529
6	4539
7	4543:0:3:3
2	4547
2	4555
7	4559:0:3:3
2	4561
5	4563
5	4565
2	4569
6	4573
5	4577
2	4579
6	4581
7	4583:0:3:3
7	4585:0:3:3
7	4587:0:3:3
5	4593
7	4595:0:3:3
7	4597:0:3:3
2	4599
6	4603
2	4605
2	4607
7	4615:0:3:3
5	4619
6	4621
2	4623
2	4629
2	4631
5	4633
7	4645:0:3:3
5	4653
7	4655:0:3:3
2	4659
2	4661
6	4663
6	4665
6	4667
6	4671
2	4673
2	4679
2	4683
6	4689
2	4691
2	4697
2	4703
5	4707
7	4709:0:3:3
7	4711:0:3:3
5	4719
5	4725
7	4729:0:3:3
2	4731
5	4735
5	4739
6	4741
6	4743
6	4745
7	4747:0:3:3
7	4513:2:4:4
7	4515:2:4:4
6	4519
7	4525:2:4:4
7	4539:2:4:4
6	4543
6	4559
6	4563
6	4565
7	4573:2:4:4
6	4577
7	4581:2:4:4
6	4583
6	4585
6	4587
6	4593
6	4595
6	4597
7	4603:2:4:4
6	4615
6	4619
7	4621:2:4:4
6	4633
6	4645
6	4653
6	4655
7	4663:2:4:4
7	4665:2:4:4
7	4667:2:4:4
7	4671:2:4:4
7	4689:2:4:4
6	4707
6	4709
6	4711
6	4719
6	4725
6	4729
6	4735
6	4739
7	4741:2:4:4
7	4743:2:4:4
7	4745:2:4:4
6	4747
6	4513
6	4515
5	4518
6	4525
6	4539
5	4542
5	4558
7	4563:2:1:0
7	4565:2:1:0
6	4573
7	4577:2:1:0
6	4581
5	4582
5	4584
5	4586
7	4593:2:1:0
5	4594
5	4596
6	4603
5	4614
7	4619:2:1:0
6	4621
7	4633:2:1:0
5	4644
7	4653:2:1:0
5	4654
6	4663
6	4665
6	4667
6	4671
6	4689
7	4707:2:1:0
5	4708
5	4710
7	4719:2:1:0
7	4725:2:1:0
5	4728
7	4735:2:1:0
7	4739:2:1:0
6	4741
6	4743
6	4745
5	4746
5	4512
5	4514
5	4519
5	4524
5	4538
5	4543
5	4559
6	4563
6	4565
5	4572
6	4577
5	4580
5	4583
5	4585
5	4587
6	4593
5	4595
5	4597
5	4602
5	4615
6	4619
5	4620
6	4633
5	4645
6	4653
5	4655
5	4662
5	4664
5	4666
5	4670
5	4688
6	4707
5	4709
5	4711
6	4719
6	4725
5	4729
6	4735
6	4739
5	4740
5	4742
5	4744
5	4747
5	4513
5	4515
6	4518
5	4525
5	4539
6	4542
6	4558
5	4562
5	4564
5	4573
5	4576
5	4581
6	4582
6	4584
6	4586
5	4592
6	4594
6	4596
5	4603
6	4614
5	4618
5	4621
5	4632
6	4644
5	4652
6	4654
5	4663
5	4665
5	4667
5	4671
5	4689
5	4706
6	4708
6	4710
5	4718
5	4724
6	4728
5	4734
5	4738
5	4741
5	4743
5	4745
6	4746
2	4512
2	4514
7	4518:2:0:0
2	4524
2	4538
7	4542:2:0:0
7	4558:2:0:0
5	4563
5	4565
2	4572
5	4577
2	4580
7	4582:2:0:0
7	4584:2:0:0
7	4586:2:0:0
5	4593
7	4594:2:0:0
7	4596:2:0:0
2	4602
7	4614:2:0:0
5	4619
2	4620
5	4633
7	4644:2:0:0
5	4653
7	4654:2:0:0
2	4662
2	4664
2	4666
2	4670
2	4688
5	4707
7	4708:2:0:0
7	4710:2:0:0
5	4719
5	4725
7	4728:2:0:0
5	4735
5	4739
2	4740
2	4742
2	4744
7	4746:2:0:0
2	4513
2	4515
7	4518:3:3:5
2	4525
2	4539
7	4542:3:3:5
7	4558:3:3:5
2	4562
2	4564
2	4573
2	4576
2	4581
7	4582:3:3:5
7	4584:3:3:5
7	4586:3:3:5
2	4592
7	4594:3:3:5
7	4596:3:3:5
2	4603
7	4614:3:3:5
2	4618
2	4621
2	4632
7	4644:3:3:5
2	4652
7	4654:3:3:5
2	4663
2	4665
2	4667
2	4671
2	4689
2	4706
7	4708:3:3:5
7	4710:3:3:5
2	4718
2	4724
7	4728:3:3:5
2	4734
2	4738
2	4741
2	4743
2	4745
7	4746:3:3:5
6	4518
6	4542
6	4558
2	4563
2	4565
2	4577
6	4582
6	4584
6	4586
2	4593
6	4594
6	4596
6	4614
2	4619
2	4633
6	4644
2	4653
6	4654
2	4707
6	4708
6	4710
2	4719
2	4725
6	4728
2	4735
2	4739
6	4746
5	4518
5	4542
5	4558
5	4582
5	4584
5	4586
5	4594
5	4596
5	4614
5	4644
5	4654
5	4708
5	4710
5	4728
5	4746
5	4519
5	4543
5	4559
5	4583
5	4585
5	4587
5	4595
5	4597
5	4615
5	4645
5	4655
5	4709
5	4711
5	4729
5	4747
6	4519
6	4543
6	4559
6	4583
6	4585
6	4587
6	4595
6	4597
6	4615
6	4645
6	4655
6	4709
6	4711
6	4729
6	4747
7	4519:2:1:1
7	4543:2:1:1
7	4559:2:1:1
7	4583:2:1:1
7	4585:2:1:1
7	4587:2:1:1
7	4595:2:1:1
7	4597:2:1:1
7	4615:2:1:1
7	4645:2:1:1
7	4655:2:1:1
7	4709:2:1:1
7	4711:2:1:1
7	4729:2:1:1
7	4747:2:1:1
6	4519
6	4543
6	4559
6	4583
6	4585
6	4587
6	4595
6	4597
6	4615
6	4645
6	4655
6	4709
6	4711
6	4729
6	4747
5	4518
5	4542
5	4558
5	4582
5	4584
5	4586
5	4594
5	4596
5	4614
5	4644
5	4654
5	4708
5	4710
5	4728
5	4746
5	4519
5	4543
5	4559
5	4583
5	4585
5	4587
5	4595
5	4597
5	4615
5	4645
5	4655
5	4709
5	4711
5	4729
5	4747
6	4518
6	4542
6	4558
6	4582
6	4584
6	4586
6	4594
6	4596
6	4614
6	4644
6	4654
6	4708
6	4710
6	4728
6	4746
7	4518:2:0:0
7	4542:2:0:0
7	4558:2:0:0
7	4582:2:0:0
7	4584:2:0:0
7	4586:2:0:0
7	4594:2:0:0
7	4596:2:0:0
7	4614:2:0:0
7	4644:2:0:0
7	4654:2:0:0
7	4708:2:0:0
7	4710:2:0:0
7	4728:2:0:0
7	4746:2:0:0
6	4518
6	4542
6	4558
6	4582
6	4584
6	4586
6	4594
6	4596
6	4614
6	4644
6	4654
6	4708
6	4710
6	4728
6	4746
5	4518
5	4542
5	4558
5	4582
5	4584
5	4586
5	4594
5	4596
5	4614
5	4644
5	4654
5	4708
5	4710
5	4728
5	4746
5	4519
5	4543
5	4559
5	4583
5	4585
5	4587
5	4595
5	4597
5	4615
5	4645
5	4655
5	4709
5	4711
5	4729
5	4747
2	4518
2	4542
2	4558
2	4582
2	4584
2	4586
2	4594
2	4596
2	4614
2	4644
2	4654
2	4708
2	4710
2	4728
2	4746
2	4519
2	4543
2	4559
2	4583
2	4585
2	4587
2	4595
2	4597
2	4615
2	4645
2	4655
2	4709
2	4711
2	4729
2	4747
