7397
0	j4250:4250:j4251:4251
0	j4252:4252:j4253:4253
0	j4254:4254:j4255:4255
0	j4256:4256:j4257:4257
0	j4258:4258:j4259:4259
0	j4260:4260:j4261:4261
0	j4262:4262:j4263:4263
0	j4264:4264:j4265:4265
0	j4266:4266:j4267:4267
0	j4268:4268:j4269:4269
0	j4270:4270:j4271:4271
0	j4272:4272:j4273:4273
0	j4274:4274:j4275:4275
0	j4276:4276:j4277:4277
0	j4278:4278:j4279:4279
0	j4280:4280:j4281:4281
0	j4282:4282:j4283:4283
0	j4284:4284:j4285:4285
0	j4286:4286:j4287:4287
0	j4288:4288:j4289:4289
0	j4290:4290:j4291:4291
0	j4292:4292:j4293:4293
0	j4294:4294:j4295:4295
0	j4296:4296:j4297:4297
0	j4298:4298:j4299:4299
0	j4300:4300:j4301:4301
0	j4302:4302:j4303:4303
0	j4304:4304:j4305:4305
0	j4306:4306:j4307:4307
0	j4308:4308:j4309:4309
0	j4310:4310:j4311:4311
0	j4312:4312:j4313:4313
0	j4314:4314:j4315:4315
0	j4316:4316:j4317:4317
0	j4318:4318:j4319:4319
0	j4320:4320:j4321:4321
0	j4322:4322:j4323:4323
0	j4324:4324:j4325:4325
0	j4326:4326:j4327:4327
0	j4328:4328:j4329:4329
0	j4330:4330:j4331:4331
0	j4332:4332:j4333:4333
0	j4334:4334:j4335:4335
0	j4336:4336:j4337:4337
0	j4338:4338:j4339:4339
0	j4340:4340:j4341:4341
0	j4342:4342:j4343:4343
0	j4344:4344:j4345:4345
0	j4346:4346:j4347:4347
0	j4348:4348:j4349:4349
0	j4350:4350:j4351:4351
0	j4352:4352:j4353:4353
0	j4354:4354:j4355:4355
0	j4356:4356:j4357:4357
0	j4358:4358:j4359:4359
0	j4360:4360:j4361:4361
0	j4362:4362:j4363:4363
0	j4364:4364:j4365:4365
0	j4366:4366:j4367:4367
0	j4368:4368:j4369:4369
0	j4370:4370:j4371:4371
0	j4372:4372:j4373:4373
0	j4374:4374:j4375:4375
0	j4376:4376:j4377:4377
0	j4378:4378:j4379:4379
0	j4380:4380:j4381:4381
0	j4382:4382:j4383:4383
0	j4384:4384:j4385:4385
0	j4386:4386:j4387:4387
0	j4388:4388:j4389:4389
0	j4390:4390:j4391:4391
0	j4392:4392:j4393:4393
0	j4394:4394:j4395:4395
0	j4396:4396:j4397:4397
0	j4398:4398:j4399:4399
0	j4400:4400:j4401:4401
0	j4402:4402:j4403:4403
0	j4404:4404:j4405:4405
0	j4406:4406:j4407:4407
0	j4408:4408:j4409:4409
0	j4410:4410:j4411:4411
0	j4412:4412:j4413:4413
0	j4414:4414:j4415:4415
0	j4416:4416:j4417:4417
0	j4418:4418:j4419:4419
0	j4420:4420:j4421:4421
0	j4422:4422:j4423:4423
0	j4424:4424:j4425:4425
0	j4426:4426:j4427:4427
0	j4428:4428:j4429:4429
0	j4430:4430:j4431:4431
0	j4432:4432:j4433:4433
0	j4434:4434:j4435:4435
0	j4436:4436:j4437:4437
0	j4438:4438:j4439:4439
0	j4440:4440:j4441:4441
0	j4442:4442:j4443:4443
0	j4444:4444:j4445:4445
0	j4446:4446:j4447:4447
0	j4448:4448:j4449:4449
0	j4450:4450:j4451:4451
0	j4452:4452:j4453:4453
0	j4454:4454:j4455:4455
0	j4456:4456:j4457:4457
0	j4458:4458:j4459:4459
0	j4460:4460:j4461:4461
0	j4462:4462:j4463:4463
0	j4464:4464:j4465:4465
0	j4466:4466:j4467:4467
0	j4468:4468:j4469:4469
0	j4470:4470:j4471:4471
0	j4472:4472:j4473:4473
0	j4474:4474:j4475:4475
0	j4476:4476:j4477:4477
0	j4478:4478:j4479:4479
0	j4480:4480:j4481:4481
0	j4482:4482:j4483:4483
0	j4484:4484:j4485:4485
0	j4486:4486:j4487:4487
0	j4488:4488:j4489:4489
0	j4490:4490:j4491:4491
0	j4492:4492:j4493:4493
0	j4494:4494:j4495:4495
0	j4496:4496:j4497:4497
0	j4498:4498:j4499:4499
1	j4250
1	j4252
1	j4254
1	j4256
1	j4258
1	j4260
1	j4262
1	j4264
1	j4266
1	j4268
1	j4270
1	j4272
1	j4274
1	j4276
1	j4278
1	j4280
1	j4282
1	j4284
1	j4286
1	j4288
1	j4290
1	j4292
1	j4294
1	j4296
1	j4298
1	j4300
1	j4302
1	j4304
1	j4306
1	j4308
1	j4310
1	j4312
1	j4314
1	j4316
1	j4318
1	j4320
1	j4322
1	j4324
1	j4326
1	j4328
1	j4330
1	j4332
1	j4334
1	j4336
1	j4338
1	j4340
1	j4342
1	j4344
1	j4346
1	j4348
1	j4350
1	j4352
1	j4354
1	j4356
1	j4358
1	j4360
1	j4362
1	j4364
1	j4366
1	j4368
1	j4370
1	j4372
1	j4374
1	j4376
1	j4378
1	j4380
1	j4382
1	j4384
1	j4386
1	j4388
1	j4390
1	j4392
1	j4394
1	j4396
1	j4398
1	j4400
1	j4402
1	j4404
1	j4406
1	j4408
1	j4410
1	j4412
1	j4414
1	j4416
1	j4418
1	j4420
1	j4422
1	j4424
1	j4426
1	j4428
1	j4430
1	j4432
1	j4434
1	j4436
1	j4438
1	j4440
1	j4442
1	j4444
1	j4446
1	j4448
1	j4450
1	j4452
1	j4454
1	j4456
1	j4458
1	j4460
1	j4462
1	j4464
1	j4466
1	j4468
1	j4470
1	j4472
1	j4474
1	j4476
1	j4478
1	j4480
1	j4482
1	j4484
1	j4486
1	j4488
1	j4490
1	j4492
1	j4494
1	j4496
1	j4498
3	4250
3	4252
3	4254
3	4256
3	4258
3	4260
3	4262
3	4264
3	4266
3	4268
3	4270
3	4272
3	4274
3	4276
3	4278
3	4280
3	4282
3	4284
3	4286
3	4288
3	4290
3	4292
3	4294
3	4296
3	4298
3	4300
3	4302
3	4304
3	4306
3	4308
3	4310
3	4312
3	4314
3	4316
3	4318
3	4320
3	4322
3	4324
3	4326
3	4328
3	4330
3	4332
3	4334
3	4336
3	4338
3	4340
3	4342
3	4344
3	4346
3	4348
3	4350
3	4352
3	4354
3	4356
3	4358
3	4360
3	4362
3	4364
3	4366
3	4368
3	4370
3	4372
3	4374
3	4376
3	4378
3	4380
3	4382
3	4384
3	4386
3	4388
3	4390
3	4392
3	4394
3	4396
3	4398
3	4400
3	4402
3	4404
3	4406
3	4408
3	4410
3	4412
3	4414
3	4416
3	4418
3	4420
3	4422
3	4424
3	4426
3	4428
3	4430
3	4432
3	4434
3	4436
3	4438
3	4440
3	4442
3	4444
3	4446
3	4448
3	4450
3	4452
3	4454
3	4456
3	4458
3	4460
3	4462
3	4464
3	4466
3	4468
3	4470
3	4472
3	4474
3	4476
3	4478
3	4480
3	4482
3	4484
3	4486
3	4488
3	4490
3	4492
3	4494
3	4496
3	4498
5	4250
5	4252
5	4254
5	4256
5	4258
5	4260
5	4262
5	4264
5	4266
5	4268
5	4270
5	4272
5	4274
5	4276
5	4278
5	4280
5	4282
5	4284
5	4286
5	4288
5	4290
5	4292
5	4294
5	4296
5	4298
5	4300
5	4302
5	4304
5	4306
5	4308
5	4310
5	4312
5	4314
5	4316
5	4318
5	4320
5	4322
5	4324
5	4326
5	4328
5	4330
5	4332
5	4334
5	4336
5	4338
5	4340
5	4342
5	4344
5	4346
5	4348
5	4350
5	4352
5	4354
5	4356
5	4358
5	4360
5	4362
5	4364
5	4366
5	4368
5	4370
5	4372
5	4374
5	4376
5	4378
5	4380
5	4382
5	4384
5	4386
5	4388
5	4390
5	4392
5	4394
5	4396
5	4398
5	4400
5	4402
5	4404
5	4406
5	4408
5	4410
5	4412
5	4414
5	4416
5	4418
5	4420
5	4422
5	4424
5	4426
5	4428
5	4430
5	4432
5	4434
5	4436
5	4438
5	4440
5	4442
5	4444
5	4446
5	4448
5	4450
5	4452
5	4454
5	4456
5	4458
5	4460
5	4462
5	4464
5	4466
5	4468
5	4470
5	4472
5	4474
5	4476
5	4478
5	4480
5	4482
5	4484
5	4486
5	4488
5	4490
5	4492
5	4494
5	4496
5	4498
4	4250
4	4252
4	4254
4	4256
4	4258
4	4260
4	4262
4	4264
4	4266
4	4268
4	4270
4	4272
4	4274
4	4276
4	4278
4	4280
4	4282
4	4284
4	4286
4	4288
4	4290
4	4292
4	4294
4	4296
4	4298
4	4300
4	4302
4	4304
4	4306
4	4308
4	4310
4	4312
4	4314
4	4316
4	4318
4	4320
4	4322
4	4324
4	4326
4	4328
4	4330
4	4332
4	4334
4	4336
4	4338
4	4340
4	4342
4	4344
4	4346
4	4348
4	4350
4	4352
4	4354
4	4356
4	4358
4	4360
4	4362
4	4364
4	4366
4	4368
4	4370
4	4372
4	4374
4	4376
4	4378
4	4380
4	4382
4	4384
4	4386
4	4388
4	4390
4	4392
4	4394
4	4396
4	4398
4	4400
4	4402
4	4404
4	4406
4	4408
4	4410
4	4412
4	4414
4	4416
4	4418
4	4420
4	4422
4	4424
4	4426
4	4428
4	4430
4	4432
4	4434
4	4436
4	4438
4	4440
4	4442
4	4444
4	4446
4	4448
4	4450
4	4452
4	4454
4	4456
4	4458
4	4460
4	4462
4	4464
4	4466
4	4468
4	4470
4	4472
4	4474
4	4476
4	4478
4	4480
4	4482
4	4484
4	4486
4	4488
4	4490
4	4492
4	4494
4	4496
4	4498
1	j4251
1	j4253
1	j4255
1	j4257
1	j4259
1	j4261
1	j4263
1	j4265
1	j4267
1	j4269
1	j4271
1	j4273
1	j4275
1	j4277
1	j4279
1	j4281
1	j4283
1	j4285
1	j4287
1	j4289
1	j4291
1	j4293
1	j4295
1	j4297
1	j4299
1	j4301
1	j4303
1	j4305
1	j4307
1	j4309
1	j4311
1	j4313
1	j4315
1	j4317
1	j4319
1	j4321
1	j4323
1	j4325
1	j4327
1	j4329
1	j4331
1	j4333
1	j4335
1	j4337
1	j4339
1	j4341
1	j4343
1	j4345
1	j4347
1	j4349
1	j4351
1	j4353
1	j4355
1	j4357
1	j4359
1	j4361
1	j4363
1	j4365
1	j4367
1	j4369
1	j4371
1	j4373
1	j4375
1	j4377
1	j4379
1	j4381
1	j4383
1	j4385
1	j4387
1	j4389
1	j4391
1	j4393
1	j4395
1	j4397
1	j4399
1	j4401
1	j4403
1	j4405
1	j4407
1	j4409
1	j4411
1	j4413
1	j4415
1	j4417
1	j4419
1	j4421
1	j4423
1	j4425
1	j4427
1	j4429
1	j4431
1	j4433
1	j4435
1	j4437
1	j4439
1	j4441
1	j4443
1	j4445
1	j4447
1	j4449
1	j4451
1	j4453
1	j4455
1	j4457
1	j4459
1	j4461
1	j4463
1	j4465
1	j4467
1	j4469
1	j4471
1	j4473
1	j4475
1	j4477
1	j4479
1	j4481
1	j4483
1	j4485
1	j4487
1	j4489
1	j4491
1	j4493
1	j4495
1	j4497
1	j4499
3	4250
3	4252
3	4254
3	4256
3	4258
3	4260
3	4262
3	4264
3	4266
3	4268
3	4270
3	4272
3	4274
3	4276
3	4278
3	4280
3	4282
3	4284
3	4286
3	4288
3	4290
3	4292
3	4294
3	4296
3	4298
3	4300
3	4302
3	4304
3	4306
3	4308
3	4310
3	4312
3	4314
3	4316
3	4318
3	4320
3	4322
3	4324
3	4326
3	4328
3	4330
3	4332
3	4334
3	4336
3	4338
3	4340
3	4342
3	4344
3	4346
3	4348
3	4350
3	4352
3	4354
3	4356
3	4358
3	4360
3	4362
3	4364
3	4366
3	4368
3	4370
3	4372
3	4374
3	4376
3	4378
3	4380
3	4382
3	4384
3	4386
3	4388
3	4390
3	4392
3	4394
3	4396
3	4398
3	4400
3	4402
3	4404
3	4406
3	4408
3	4410
3	4412
3	4414
3	4416
3	4418
3	4420
3	4422
3	4424
3	4426
3	4428
3	4430
3	4432
3	4434
3	4436
3	4438
3	4440
3	4442
3	4444
3	4446
3	4448
3	4450
3	4452
3	4454
3	4456
3	4458
3	4460
3	4462
3	4464
3	4466
3	4468
3	4470
3	4472
3	4474
3	4476
3	4478
3	4480
3	4482
3	4484
3	4486
3	4488
3	4490
3	4492
3	4494
3	4496
3	4498
5	4250
5	4252
5	4254
5	4256
5	4258
5	4260
5	4262
5	4264
5	4266
5	4268
5	4270
5	4272
5	4274
5	4276
5	4278
5	4280
5	4282
5	4284
5	4286
5	4288
5	4290
5	4292
5	4294
5	4296
5	4298
5	4300
5	4302
5	4304
5	4306
5	4308
5	4310
5	4312
5	4314
5	4316
5	4318
5	4320
5	4322
5	4324
5	4326
5	4328
5	4330
5	4332
5	4334
5	4336
5	4338
5	4340
5	4342
5	4344
5	4346
5	4348
5	4350
5	4352
5	4354
5	4356
5	4358
5	4360
5	4362
5	4364
5	4366
5	4368
5	4370
5	4372
5	4374
5	4376
5	4378
5	4380
5	4382
5	4384
5	4386
5	4388
5	4390
5	4392
5	4394
5	4396
5	4398
5	4400
5	4402
5	4404
5	4406
5	4408
5	4410
5	4412
5	4414
5	4416
5	4418
5	4420
5	4422
5	4424
5	4426
5	4428
5	4430
5	4432
5	4434
5	4436
5	4438
5	4440
5	4442
5	4444
5	4446
5	4448
5	4450
5	4452
5	4454
5	4456
5	4458
5	4460
5	4462
5	4464
5	4466
5	4468
5	4470
5	4472
5	4474
5	4476
5	4478
5	4480
5	4482
5	4484
5	4486
5	4488
5	4490
5	4492
5	4494
5	4496
5	4498
4	4250
4	4252
4	4254
4	4256
4	4258
4	4260
4	4262
4	4264
4	4266
4	4268
4	4270
4	4272
4	4274
4	4276
4	4278
4	4280
4	4282
4	4284
4	4286
4	4288
4	4290
4	4292
4	4294
4	4296
4	4298
4	4300
4	4302
4	4304
4	4306
4	4308
4	4310
4	4312
4	4314
4	4316
4	4318
4	4320
4	4322
4	4324
4	4326
4	4328
4	4330
4	4332
4	4334
4	4336
4	4338
4	4340
4	4342
4	4344
4	4346
4	4348
4	4350
4	4352
4	4354
4	4356
4	4358
4	4360
4	4362
4	4364
4	4366
4	4368
4	4370
4	4372
4	4374
4	4376
4	4378
4	4380
4	4382
4	4384
4	4386
4	4388
4	4390
4	4392
4	4394
4	4396
4	4398
4	4400
4	4402
4	4404
4	4406
4	4408
4	4410
4	4412
4	4414
4	4416
4	4418
4	4420
4	4422
4	4424
4	4426
4	4428
4	4430
4	4432
4	4434
4	4436
4	4438
4	4440
4	4442
4	4444
4	4446
4	4448
4	4450
4	4452
4	4454
4	4456
4	4458
4	4460
4	4462
4	4464
4	4466
4	4468
4	4470
4	4472
4	4474
4	4476
4	4478
4	4480
4	4482
4	4484
4	4486
4	4488
4	4490
4	4492
4	4494
4	4496
4	4498
3	4251
3	4253
3	4255
3	4257
3	4259
3	4261
3	4263
3	4265
3	4267
3	4269
3	4271
3	4273
3	4275
3	4277
3	4279
3	4281
3	4283
3	4285
3	4287
3	4289
3	4291
3	4293
3	4295
3	4297
3	4299
3	4301
3	4303
3	4305
3	4307
3	4309
3	4311
3	4313
3	4315
3	4317
3	4319
3	4321
3	4323
3	4325
3	4327
3	4329
3	4331
3	4333
3	4335
3	4337
3	4339
3	4341
3	4343
3	4345
3	4347
3	4349
3	4351
3	4353
3	4355
3	4357
3	4359
3	4361
3	4363
3	4365
3	4367
3	4369
3	4371
3	4373
3	4375
3	4377
3	4379
3	4381
3	4383
3	4385
3	4387
3	4389
3	4391
3	4393
3	4395
3	4397
3	4399
3	4401
3	4403
3	4405
3	4407
3	4409
3	4411
3	4413
3	4415
3	4417
3	4419
3	4421
3	4423
3	4425
3	4427
3	4429
3	4431
3	4433
3	4435
3	4437
3	4439
3	4441
3	4443
3	4445
3	4447
3	4449
3	4451
3	4453
3	4455
3	4457
3	4459
3	4461
3	4463
3	4465
3	4467
3	4469
3	4471
3	4473
3	4475
3	4477
3	4479
3	4481
3	4483
3	4485
3	4487
3	4489
3	4491
3	4493
3	4495
3	4497
3	4499
5	4251
5	4253
5	4255
5	4257
5	4259
5	4261
5	4263
5	4265
5	4267
5	4269
5	4271
5	4273
5	4275
5	4277
5	4279
5	4281
5	4283
5	4285
5	4287
5	4289
5	4291
5	4293
5	4295
5	4297
5	4299
5	4301
5	4303
5	4305
5	4307
5	4309
5	4311
5	4313
5	4315
5	4317
5	4319
5	4321
5	4323
5	4325
5	4327
5	4329
5	4331
5	4333
5	4335
5	4337
5	4339
5	4341
5	4343
5	4345
5	4347
5	4349
5	4351
5	4353
5	4355
5	4357
5	4359
5	4361
5	4363
5	4365
5	4367
5	4369
5	4371
5	4373
5	4375
5	4377
5	4379
5	4381
5	4383
5	4385
5	4387
5	4389
5	4391
5	4393
5	4395
5	4397
5	4399
5	4401
5	4403
5	4405
5	4407
5	4409
5	4411
5	4413
5	4415
5	4417
5	4419
5	4421
5	4423
5	4425
5	4427
5	4429
5	4431
5	4433
5	4435
5	4437
5	4439
5	4441
5	4443
5	4445
5	4447
5	4449
5	4451
5	4453
5	4455
5	4457
5	4459
5	4461
5	4463
5	4465
5	4467
5	4469
5	4471
5	4473
5	4475
5	4477
5	4479
5	4481
5	4483
5	4485
5	4487
5	4489
5	4491
5	4493
5	4495
5	4497
5	4499
4	4251
4	4253
4	4255
4	4257
4	4259
4	4261
4	4263
4	4265
4	4267
4	4269
4	4271
4	4273
4	4275
4	4277
4	4279
4	4281
4	4283
4	4285
4	4287
4	4289
4	4291
4	4293
4	4295
4	4297
4	4299
4	4301
4	4303
4	4305
4	4307
4	4309
4	4311
4	4313
4	4315
4	4317
4	4319
4	4321
4	4323
4	4325
4	4327
4	4329
4	4331
4	4333
4	4335
4	4337
4	4339
4	4341
4	4343
4	4345
4	4347
4	4349
4	4351
4	4353
4	4355
4	4357
4	4359
4	4361
4	4363
4	4365
4	4367
4	4369
4	4371
4	4373
4	4375
4	4377
4	4379
4	4381
4	4383
4	4385
4	4387
4	4389
4	4391
4	4393
4	4395
4	4397
4	4399
4	4401
4	4403
4	4405
4	4407
4	4409
4	4411
4	4413
4	4415
4	4417
4	4419
4	4421
4	4423
4	4425
4	4427
4	4429
4	4431
4	4433
4	4435
4	4437
4	4439
4	4441
4	4443
4	4445
4	4447
4	4449
4	4451
4	4453
4	4455
4	4457
4	4459
4	4461
4	4463
4	4465
4	4467
4	4469
4	4471
4	4473
4	4475
4	4477
4	4479
4	4481
4	4483
4	4485
4	4487
4	4489
4	4491
4	4493
4	4495
4	4497
4	4499
6	4250
6	4252
6	4254
6	4256
6	4258
6	4260
6	4262
6	4264
6	4266
6	4268
6	4270
6	4272
6	4274
6	4276
6	4278
6	4280
6	4282
6	4284
6	4286
6	4288
6	4290
6	4292
6	4294
6	4296
6	4298
6	4300
6	4302
6	4304
6	4306
6	4308
6	4310
6	4312
6	4314
6	4316
6	4318
6	4320
6	4322
6	4324
6	4326
6	4328
6	4330
6	4332
6	4334
6	4336
6	4338
6	4340
6	4342
6	4344
6	4346
6	4348
6	4350
6	4352
6	4354
6	4356
6	4358
6	4360
6	4362
6	4364
6	4366
6	4368
6	4370
6	4372
6	4374
6	4376
6	4378
6	4380
6	4382
6	4384
6	4386
6	4388
6	4390
6	4392
6	4394
6	4396
6	4398
6	4400
6	4402
6	4404
6	4406
6	4408
6	4410
6	4412
6	4414
6	4416
6	4418
6	4420
6	4422
6	4424
6	4426
6	4428
6	4430
6	4432
6	4434
6	4436
6	4438
6	4440
6	4442
6	4444
6	4446
6	4448
6	4450
6	4452
6	4454
6	4456
6	4458
6	4460
6	4462
6	4464
6	4466
6	4468
6	4470
6	4472
6	4474
6	4476
6	4478
6	4480
6	4482
6	4484
6	4486
6	4488
6	4490
6	4492
6	4494
6	4496
6	4498
7	4250:1:0:1
7	4252:0:0:1
7	4254:0:0:1
7	4256:1:0:2
7	4258:4:0:7
7	4260:4:0:7
7	4262:0:0:1
7	4264:0:0:1
7	4266:3:0:7
7	4268:4:0:7
7	4270:0:0:1
7	4272:1:0:2
7	4274:2:0:0
7	4276:4:0:7
7	4278:3:0:7
7	4280:1:0:2
7	4282:1:0:1
7	4284:4:0:7
7	4286:2:0:0
7	4288:4:0:7
7	4290:2:0:0
7	4292:2:0:0
7	4294:4:0:7
7	4296:3:0:7
7	4298:4:0:7
7	4300:1:0:2
7	4302:1:0:1
7	4304:2:0:0
7	4306:3:0:7
7	4308:1:0:2
7	4310:4:0:7
7	4312:4:0:7
7	4314:2:0:0
7	4316:1:0:2
7	4318:3:0:7
7	4320:1:0:1
7	4322:4:0:7
7	4324:4:0:7
7	4326:0:0:1
7	4328:0:0:1
7	4330:4:0:7
7	4332:2:0:0
7	4334:0:0:1
7	4336:1:0:2
7	4338:4:0:7
7	4340:0:0:1
7	4342:4:0:7
7	4344:3:0:7
7	4346:4:0:7
7	4348:4:0:7
7	4350:2:0:0
7	4352:0:0:1
7	4354:1:0:1
7	4356:2:0:0
7	4358:0:0:1
7	4360:4:0:7
7	4362:4:0:7
7	4364:2:0:0
7	4366:0:0:1
7	4368:0:0:1
7	4370:2:0:0
7	4372:0:0:1
7	4374:0:0:1
7	4376:2:0:0
7	4378:4:0:7
7	4380:4:0:7
7	4382:2:0:0
7	4384:1:0:1
7	4386:0:0:1
7	4388:2:0:0
7	4390:4:0:7
7	4392:3:0:7
7	4394:0:0:1
7	4396:3:0:7
7	4398:4:0:7
7	4400:1:0:2
7	4402:0:0:1
7	4404:1:0:1
7	4406:1:0:1
7	4408:4:0:7
7	4410:1:0:1
7	4412:2:0:0
7	4414:4:0:7
7	4416:4:0:7
7	4418:4:0:7
7	4420:2:0:0
7	4422:4:0:7
7	4424:1:0:2
7	4426:1:0:2
7	4428:4:0:7
7	4430:1:0:1
7	4432:2:0:0
7	4434:4:0:7
7	4436:0:0:1
7	4438:1:0:1
7	4440:3:0:7
7	4442:3:0:7
7	4444:4:0:7
7	4446:1:0:1
7	4448:1:0:1
7	4450:4:0:7
7	4452:4:0:7
7	4454:3:0:7
7	4456:4:0:7
7	4458:4:0:7
7	4460:4:0:7
7	4462:0:0:1
7	4464:2:0:0
7	4466:0:0:1
7	4468:0:0:1
7	4470:0:0:1
7	4472:2:0:0
7	4474:4:0:7
7	4476:2:0:0
7	4478:3:0:7
7	4480:0:0:1
7	4482:0:0:1
7	4484:1:0:2
7	4486:3:0:7
7	4488:1:0:1
7	4490:0:0:1
7	4492:0:0:1
7	4494:2:0:0
7	4496:4:0:7
7	4498:1:0:2
6	4250
6	4252
6	4254
7	4256:1:0:7
6	4258
6	4260
6	4262
6	4264
6	4266
6	4268
6	4270
7	4272:1:0:7
6	4274
6	4276
6	4278
7	4280:1:0:7
6	4282
6	4284
6	4286
6	4288
6	4290
6	4292
6	4294
6	4296
6	4298
7	4300:1:0:7
6	4302
6	4304
6	4306
7	4308:1:0:7
6	4310
6	4312
6	4314
7	4316:1:0:7
6	4318
6	4320
6	4322
6	4324
6	4326
6	4328
6	4330
6	4332
6	4334
7	4336:1:0:7
6	4338
6	4340
6	4342
6	4344
6	4346
6	4348
6	4350
6	4352
6	4354
6	4356
6	4358
6	4360
6	4362
6	4364
6	4366
6	4368
6	4370
6	4372
6	4374
6	4376
6	4378
6	4380
6	4382
6	4384
6	4386
6	4388
6	4390
6	4392
6	4394
6	4396
6	4398
7	4400:1:0:7
6	4402
6	4404
6	4406
6	4408
6	4410
6	4412
6	4414
6	4416
6	4418
6	4420
6	4422
7	4424:1:0:7
7	4426:1:0:7
6	4428
6	4430
6	4432
6	4434
6	4436
6	4438
6	4440
6	4442
6	4444
6	4446
6	4448
6	4450
6	4452
6	4454
6	4456
6	4458
6	4460
6	4462
6	4464
6	4466
6	4468
6	4470
6	4472
6	4474
6	4476
6	4478
6	4480
6	4482
7	4484:1:0:7
6	4486
6	4488
6	4490
6	4492
6	4494
6	4496
7	4498:1:0:7
5	4250
5	4252
5	4254
6	4256
5	4258
5	4260
5	4262
5	4264
5	4266
5	4268
5	4270
6	4272
5	4274
5	4276
5	4278
6	4280
5	4282
5	4284
5	4286
5	4288
5	4290
5	4292
5	4294
5	4296
5	4298
6	4300
5	4302
5	4304
5	4306
6	4308
5	4310
5	4312
5	4314
6	4316
5	4318
5	4320
5	4322
5	4324
5	4326
5	4328
5	4330
5	4332
5	4334
6	4336
5	4338
5	4340
5	4342
5	4344
5	4346
5	4348
5	4350
5	4352
5	4354
5	4356
5	4358
5	4360
5	4362
5	4364
5	4366
5	4368
5	4370
5	4372
5	4374
5	4376
5	4378
5	4380
5	4382
5	4384
5	4386
5	4388
5	4390
5	4392
5	4394
5	4396
5	4398
6	4400
5	4402
5	4404
5	4406
5	4408
5	4410
5	4412
5	4414
5	4416
5	4418
5	4420
5	4422
6	4424
6	4426
5	4428
5	4430
5	4432
5	4434
5	4436
5	4438
5	4440
5	4442
5	4444
5	4446
5	4448
5	4450
5	4452
5	4454
5	4456
5	4458
5	4460
5	4462
5	4464
5	4466
5	4468
5	4470
5	4472
5	4474
5	4476
5	4478
5	4480
5	4482
6	4484
5	4486
5	4488
5	4490
5	4492
5	4494
5	4496
6	4498
5	4251
5	4253
5	4255
5	4256
5	4259
5	4261
5	4263
5	4265
5	4267
5	4269
5	4271
5	4272
5	4275
5	4277
5	4279
5	4280
5	4283
5	4285
5	4287
5	4289
5	4291
5	4293
5	4295
5	4297
5	4299
5	4300
5	4303
5	4305
5	4307
5	4308
5	4311
5	4313
5	4315
5	4316
5	4319
5	4321
5	4323
5	4325
5	4327
5	4329
5	4331
5	4333
5	4335
5	4336
5	4339
5	4341
5	4343
5	4345
5	4347
5	4349
5	4351
5	4353
5	4355
5	4357
5	4359
5	4361
5	4363
5	4365
5	4367
5	4369
5	4371
5	4373
5	4375
5	4377
5	4379
5	4381
5	4383
5	4385
5	4387
5	4389
5	4391
5	4393
5	4395
5	4397
5	4399
5	4400
5	4403
5	4405
5	4407
5	4409
5	4411
5	4413
5	4415
5	4417
5	4419
5	4421
5	4423
5	4424
5	4426
5	4429
5	4431
5	4433
5	4435
5	4437
5	4439
5	4441
5	4443
5	4445
5	4447
5	4449
5	4451
5	4453
5	4455
5	4457
5	4459
5	4461
5	4463
5	4465
5	4467
5	4469
5	4471
5	4473
5	4475
5	4477
5	4479
5	4481
5	4483
5	4484
5	4487
5	4489
5	4491
5	4493
5	4495
5	4497
5	4498
6	4251
6	4253
6	4255
5	4257
6	4259
6	4261
6	4263
6	4265
6	4267
6	4269
6	4271
5	4273
6	4275
6	4277
6	4279
5	4281
6	4283
6	4285
6	4287
6	4289
6	4291
6	4293
6	4295
6	4297
6	4299
5	4301
6	4303
6	4305
6	4307
5	4309
6	4311
6	4313
6	4315
5	4317
6	4319
6	4321
6	4323
6	4325
6	4327
6	4329
6	4331
6	4333
6	4335
5	4337
6	4339
6	4341
6	4343
6	4345
6	4347
6	4349
6	4351
6	4353
6	4355
6	4357
6	4359
6	4361
6	4363
6	4365
6	4367
6	4369
6	4371
6	4373
6	4375
6	4377
6	4379
6	4381
6	4383
6	4385
6	4387
6	4389
6	4391
6	4393
6	4395
6	4397
6	4399
5	4401
6	4403
6	4405
6	4407
6	4409
6	4411
6	4413
6	4415
6	4417
6	4419
6	4421
6	4423
5	4425
5	4427
6	4429
6	4431
6	4433
6	4435
6	4437
6	4439
6	4441
6	4443
6	4445
6	4447
6	4449
6	4451
6	4453
6	4455
6	4457
6	4459
6	4461
6	4463
6	4465
6	4467
6	4469
6	4471
6	4473
6	4475
6	4477
6	4479
6	4481
6	4483
5	4485
6	4487
6	4489
6	4491
6	4493
6	4495
6	4497
5	4499
7	4251:1:4:3
7	4253:4:4:4
7	4255:3:4:5
6	4257
7	4259:4:4:5
7	4261:4:4:5
7	4263:4:4:4
7	4265:3:4:5
7	4267:4:4:5
7	4269:4:4:4
7	4271:4:4:4
6	4273
7	4275:0:4:3
7	4277:4:4:4
7	4279:4:4:5
6	4281
7	4283:1:4:3
7	4285:4:4:4
7	4287:0:4:3
7	4289:4:4:5
7	4291:0:4:3
7	4293:0:4:3
7	4295:4:4:5
7	4297:4:4:5
7	4299:4:4:4
6	4301
7	4303:1:4:3
7	4305:0:4:3
7	4307:4:4:5
6	4309
7	4311:4:4:4
7	4313:4:4:5
7	4315:0:4:3
6	4317
7	4319:4:4:5
7	4321:1:4:3
7	4323:0:4:4
7	4325:4:4:5
7	4327:3:4:5
7	4329:4:4:4
7	4331:4:4:4
7	4333:0:4:3
7	4335:3:4:5
6	4337
7	4339:4:4:4
7	4341:3:4:5
7	4343:4:4:4
7	4345:4:4:5
7	4347:0:4:4
7	4349:4:4:4
7	4351:0:4:3
7	4353:3:4:5
7	4355:1:4:3
7	4357:0:4:3
7	4359:4:4:4
7	4361:0:4:4
7	4363:4:4:5
7	4365:2:4:5
7	4367:3:4:5
7	4369:3:4:5
7	4371:0:4:3
7	4373:4:4:4
7	4375:3:4:5
7	4377:0:4:3
7	4379:4:4:4
7	4381:4:4:4
7	4383:0:4:3
7	4385:1:4:3
7	4387:4:4:4
7	4389:0:4:3
7	4391:4:4:4
7	4393:4:4:5
7	4395:3:4:5
7	4397:4:4:5
7	4399:4:4:5
6	4401
7	4403:4:4:4
7	4405:1:4:3
7	4407:1:4:3
7	4409:4:4:4
7	4411:1:4:3
7	4413:0:4:3
7	4415:4:4:4
7	4417:4:4:5
7	4419:0:4:4
7	4421:0:4:3
7	4423:4:4:4
6	4425
6	4427
7	4429:4:4:4
7	4431:1:4:3
7	4433:2:4:5
7	4435:4:4:4
7	4437:3:4:5
7	4439:1:4:3
7	4441:4:4:5
7	4443:4:4:5
7	4445:4:4:4
7	4447:1:4:3
7	4449:1:4:3
7	4451:4:4:4
7	4453:4:4:4
7	4455:4:4:5
7	4457:4:4:5
7	4459:0:4:4
7	4461:4:4:5
7	4463:4:4:4
7	4465:2:4:5
7	4467:3:4:5
7	4469:4:4:4
7	4471:4:4:4
7	4473:2:4:5
7	4475:0:4:4
7	4477:0:4:3
7	4479:4:4:5
7	4481:4:4:4
7	4483:4:4:4
6	4485
7	4487:4:4:5
7	4489:1:4:3
7	4491:4:4:4
7	4493:4:4:4
7	4495:2:4:5
7	4497:0:4:4
6	4499
6	4251
6	4253
6	4255
7	4257:0:4:3
6	4259
6	4261
6	4263
6	4265
6	4267
6	4269
6	4271
7	4273:0:4:3
6	4275
6	4277
6	4279
7	4281:0:4:3
6	4283
6	4285
6	4287
6	4289
6	4291
6	4293
6	4295
6	4297
6	4299
7	4301:0:4:3
6	4303
6	4305
6	4307
7	4309:0:4:3
6	4311
6	4313
6	4315
7	4317:0:4:3
6	4319
6	4321
6	4323
6	4325
6	4327
6	4329
6	4331
6	4333
6	4335
7	4337:0:4:3
6	4339
6	4341
6	4343
6	4345
6	4347
6	4349
6	4351
6	4353
6	4355
6	4357
6	4359
6	4361
6	4363
6	4365
6	4367
6	4369
6	4371
6	4373
6	4375
6	4377
6	4379
6	4381
6	4383
6	4385
6	4387
6	4389
6	4391
6	4393
6	4395
6	4397
6	4399
7	4401:0:4:3
6	4403
6	4405
6	4407
6	4409
6	4411
6	4413
6	4415
6	4417
6	4419
6	4421
6	4423
7	4425:0:4:3
7	4427:0:4:3
6	4429
6	4431
6	4433
6	4435
6	4437
6	4439
6	4441
6	4443
6	4445
6	4447
6	4449
6	4451
6	4453
6	4455
6	4457
6	4459
6	4461
6	4463
6	4465
6	4467
6	4469
6	4471
6	4473
6	4475
6	4477
6	4479
6	4481
6	4483
7	4485:0:4:3
6	4487
6	4489
6	4491
6	4493
6	4495
6	4497
7	4499:0:4:3
5	4250
5	4252
5	4254
6	4257
5	4258
5	4260
5	4262
5	4264
5	4266
5	4268
5	4270
6	4273
5	4274
5	4276
5	4278
6	4281
5	4282
5	4284
5	4286
5	4288
5	4290
5	4292
5	4294
5	4296
5	4298
6	4301
5	4302
5	4304
5	4306
6	4309
5	4310
5	4312
5	4314
6	4317
5	4318
5	4320
5	4322
5	4324
5	4326
5	4328
5	4330
5	4332
5	4334
6	4337
5	4338
5	4340
5	4342
5	4344
5	4346
5	4348
5	4350
5	4352
5	4354
5	4356
5	4358
5	4360
5	4362
5	4364
5	4366
5	4368
5	4370
5	4372
5	4374
5	4376
5	4378
5	4380
5	4382
5	4384
5	4386
5	4388
5	4390
5	4392
5	4394
5	4396
5	4398
6	4401
5	4402
5	4404
5	4406
5	4408
5	4410
5	4412
5	4414
5	4416
5	4418
5	4420
5	4422
6	4425
6	4427
5	4428
5	4430
5	4432
5	4434
5	4436
5	4438
5	4440
5	4442
5	4444
5	4446
5	4448
5	4450
5	4452
5	4454
5	4456
5	4458
5	4460
5	4462
5	4464
5	4466
5	4468
5	4470
5	4472
5	4474
5	4476
5	4478
5	4480
5	4482
6	4485
5	4486
5	4488
5	4490
5	4492
5	4494
5	4496
6	4499
5	4251
5	4253
5	4255
5	4256
5	4259
5	4261
5	4263
5	4265
5	4267
5	4269
5	4271
5	4272
5	4275
5	4277
5	4279
5	4280
5	4283
5	4285
5	4287
5	4289
5	4291
5	4293
5	4295
5	4297
5	4299
5	4300
5	4303
5	4305
5	4307
5	4308
5	4311
5	4313
5	4315
5	4316
5	4319
5	4321
5	4323
5	4325
5	4327
5	4329
5	4331
5	4333
5	4335
5	4336
5	4339
5	4341
5	4343
5	4345
5	4347
5	4349
5	4351
5	4353
5	4355
5	4357
5	4359
5	4361
5	4363
5	4365
5	4367
5	4369
5	4371
5	4373
5	4375
5	4377
5	4379
5	4381
5	4383
5	4385
5	4387
5	4389
5	4391
5	4393
5	4395
5	4397
5	4399
5	4400
5	4403
5	4405
5	4407
5	4409
5	4411
5	4413
5	4415
5	4417
5	4419
5	4421
5	4423
5	4424
5	4426
5	4429
5	4431
5	4433
5	4435
5	4437
5	4439
5	4441
5	4443
5	4445
5	4447
5	4449
5	4451
5	4453
5	4455
5	4457
5	4459
5	4461
5	4463
5	4465
5	4467
5	4469
5	4471
5	4473
5	4475
5	4477
5	4479
5	4481
5	4483
5	4484
5	4487
5	4489
5	4491
5	4493
5	4495
5	4497
5	4498
6	4250
6	4252
6	4254
5	4257
6	4258
6	4260
6	4262
6	4264
6	4266
6	4268
6	4270
5	4273
6	4274
6	4276
6	4278
5	4281
6	4282
6	4284
6	4286
6	4288
6	4290
6	4292
6	4294
6	4296
6	4298
5	4301
6	4302
6	4304
6	4306
5	4309
6	4310
6	4312
6	4314
5	4317
6	4318
6	4320
6	4322
6	4324
6	4326
6	4328
6	4330
6	4332
6	4334
5	4337
6	4338
6	4340
6	4342
6	4344
6	4346
6	4348
6	4350
6	4352
6	4354
6	4356
6	4358
6	4360
6	4362
6	4364
6	4366
6	4368
6	4370
6	4372
6	4374
6	4376
6	4378
6	4380
6	4382
6	4384
6	4386
6	4388
6	4390
6	4392
6	4394
6	4396
6	4398
5	4401
6	4402
6	4404
6	4406
6	4408
6	4410
6	4412
6	4414
6	4416
6	4418
6	4420
6	4422
5	4425
5	4427
6	4428
6	4430
6	4432
6	4434
6	4436
6	4438
6	4440
6	4442
6	4444
6	4446
6	4448
6	4450
6	4452
6	4454
6	4456
6	4458
6	4460
6	4462
6	4464
6	4466
6	4468
6	4470
6	4472
6	4474
6	4476
6	4478
6	4480
6	4482
5	4485
6	4486
6	4488
6	4490
6	4492
6	4494
6	4496
5	4499
7	4250:0:0:0
7	4252:1:0:0
7	4254:4:0:7
6	4256
7	4258:3:0:0
7	4260:3:0:0
7	4262:1:0:0
7	4264:4:0:7
7	4266:0:0:1
7	4268:3:0:0
7	4270:1:0:0
6	4272
7	4274:0:0:1
7	4276:3:0:0
7	4278:0:0:1
6	4280
7	4282:0:0:0
7	4284:3:0:0
7	4286:0:0:1
7	4288:3:0:0
7	4290:0:0:1
7	4292:0:0:1
7	4294:3:0:0
7	4296:0:0:1
7	4298:3:0:0
6	4300
7	4302:0:0:0
7	4304:0:0:1
7	4306:0:0:1
6	4308
7	4310:3:0:0
7	4312:3:0:0
7	4314:0:0:1
6	4316
7	4318:0:0:1
7	4320:0:0:0
7	4322:3:0:2
7	4324:3:0:0
7	4326:4:0:7
7	4328:1:0:0
7	4330:3:0:0
7	4332:0:0:1
7	4334:4:0:7
6	4336
7	4338:3:0:0
7	4340:4:0:7
7	4342:3:0:0
7	4344:0:0:1
7	4346:3:0:2
7	4348:3:0:0
7	4350:0:0:1
7	4352:4:0:7
7	4354:0:0:0
7	4356:0:0:1
7	4358:1:0:0
7	4360:3:0:2
7	4362:3:0:0
7	4364:3:0:7
7	4366:4:0:7
7	4368:4:0:7
7	4370:0:0:1
7	4372:1:0:0
7	4374:4:0:7
7	4376:0:0:1
7	4378:3:0:0
7	4380:3:0:0
7	4382:0:0:1
7	4384:0:0:0
7	4386:1:0:0
7	4388:0:0:1
7	4390:3:0:0
7	4392:0:0:1
7	4394:4:0:7
7	4396:0:0:1
7	4398:3:0:0
6	4400
7	4402:1:0:0
7	4404:0:0:0
7	4406:0:0:0
7	4408:3:0:0
7	4410:0:0:0
7	4412:0:0:1
7	4414:3:0:0
7	4416:3:0:0
7	4418:3:0:2
7	4420:0:0:1
7	4422:3:0:0
6	4424
6	4426
7	4428:3:0:0
7	4430:0:0:0
7	4432:3:0:7
7	4434:3:0:0
7	4436:4:0:7
7	4438:0:0:0
7	4440:0:0:1
7	4442:0:0:1
7	4444:3:0:0
7	4446:0:0:0
7	4448:0:0:0
7	4450:3:0:0
7	4452:3:0:0
7	4454:0:0:1
7	4456:3:0:0
7	4458:3:0:2
7	4460:3:0:0
7	4462:1:0:0
7	4464:3:0:7
7	4466:4:0:7
7	4468:1:0:0
7	4470:1:0:0
7	4472:3:0:7
7	4474:3:0:2
7	4476:0:0:1
7	4478:0:0:1
7	4480:1:0:0
7	4482:1:0:0
6	4484
7	4486:0:0:1
7	4488:0:0:0
7	4490:1:0:0
7	4492:1:0:0
7	4494:3:0:7
7	4496:3:0:2
6	4498
6	4250
6	4252
6	4254
7	4256:0:1:2
6	4258
6	4260
6	4262
6	4264
7	4266:4:0:7
6	4268
6	4270
7	4272:0:1:2
6	4274
6	4276
7	4278:4:0:7
7	4280:0:1:2
6	4282
6	4284
6	4286
6	4288
6	4290
6	4292
6	4294
7	4296:4:0:7
6	4298
7	4300:0:1:2
6	4302
6	4304
7	4306:4:0:7
7	4308:0:1:2
6	4310
6	4312
6	4314
7	4316:0:1:2
7	4318:4:0:7
6	4320
6	4322
6	4324
6	4326
6	4328
6	4330
6	4332
6	4334
7	4336:0:1:2
6	4338
6	4340
6	4342
7	4344:4:0:7
6	4346
6	4348
6	4350
6	4352
6	4354
6	4356
6	4358
6	4360
6	4362
6	4364
6	4366
6	4368
6	4370
6	4372
6	4374
6	4376
6	4378
6	4380
6	4382
6	4384
6	4386
6	4388
6	4390
7	4392:4:0:7
6	4394
7	4396:4:0:7
6	4398
7	4400:0:1:2
6	4402
6	4404
6	4406
6	4408
6	4410
6	4412
6	4414
6	4416
6	4418
6	4420
6	4422
7	4424:0:1:2
7	4426:0:1:2
6	4428
6	4430
6	4432
6	4434
6	4436
6	4438
7	4440:4:0:7
7	4442:4:0:7
6	4444
6	4446
6	4448
6	4450
6	4452
7	4454:4:0:7
6	4456
6	4458
6	4460
6	4462
6	4464
6	4466
6	4468
6	4470
6	4472
6	4474
6	4476
7	4478:4:0:7
6	4480
6	4482
7	4484:0:1:2
7	4486:4:0:7
6	4488
6	4490
6	4492
6	4494
6	4496
7	4498:0:1:2
5	4250
5	4252
5	4254
6	4256
5	4258
5	4260
5	4262
5	4264
6	4266
5	4268
5	4270
6	4272
5	4274
5	4276
6	4278
6	4280
5	4282
5	4284
5	4286
5	4288
5	4290
5	4292
5	4294
6	4296
5	4298
6	4300
5	4302
5	4304
6	4306
6	4308
5	4310
5	4312
5	4314
6	4316
6	4318
5	4320
5	4322
5	4324
5	4326
5	4328
5	4330
5	4332
5	4334
6	4336
5	4338
5	4340
5	4342
6	4344
5	4346
5	4348
5	4350
5	4352
5	4354
5	4356
5	4358
5	4360
5	4362
5	4364
5	4366
5	4368
5	4370
5	4372
5	4374
5	4376
5	4378
5	4380
5	4382
5	4384
5	4386
5	4388
5	4390
6	4392
5	4394
6	4396
5	4398
6	4400
5	4402
5	4404
5	4406
5	4408
5	4410
5	4412
5	4414
5	4416
5	4418
5	4420
5	4422
6	4424
6	4426
5	4428
5	4430
5	4432
5	4434
5	4436
5	4438
6	4440
6	4442
5	4444
5	4446
5	4448
5	4450
5	4452
6	4454
5	4456
5	4458
5	4460
5	4462
5	4464
5	4466
5	4468
5	4470
5	4472
5	4474
5	4476
6	4478
5	4480
5	4482
6	4484
6	4486
5	4488
5	4490
5	4492
5	4494
5	4496
6	4498
5	4251
5	4253
5	4255
5	4256
5	4259
5	4261
5	4263
5	4265
5	4266
5	4269
5	4271
5	4272
5	4275
5	4277
5	4278
5	4280
5	4283
5	4285
5	4287
5	4289
5	4291
5	4293
5	4295
5	4296
5	4299
5	4300
5	4303
5	4305
5	4306
5	4308
5	4311
5	4313
5	4315
5	4316
5	4318
5	4321
5	4323
5	4325
5	4327
5	4329
5	4331
5	4333
5	4335
5	4336
5	4339
5	4341
5	4343
5	4344
5	4347
5	4349
5	4351
5	4353
5	4355
5	4357
5	4359
5	4361
5	4363
5	4365
5	4367
5	4369
5	4371
5	4373
5	4375
5	4377
5	4379
5	4381
5	4383
5	4385
5	4387
5	4389
5	4391
5	4392
5	4395
5	4396
5	4399
5	4400
5	4403
5	4405
5	4407
5	4409
5	4411
5	4413
5	4415
5	4417
5	4419
5	4421
5	4423
5	4424
5	4426
5	4429
5	4431
5	4433
5	4435
5	4437
5	4439
5	4440
5	4442
5	4445
5	4447
5	4449
5	4451
5	4453
5	4454
5	4457
5	4459
5	4461
5	4463
5	4465
5	4467
5	4469
5	4471
5	4473
5	4475
5	4477
5	4478
5	4481
5	4483
5	4484
5	4486
5	4489
5	4491
5	4493
5	4495
5	4497
5	4498
6	4251
6	4253
6	4255
5	4257
6	4259
6	4261
6	4263
6	4265
5	4267
6	4269
6	4271
5	4273
6	4275
6	4277
5	4279
5	4281
6	4283
6	4285
6	4287
6	4289
6	4291
6	4293
6	4295
5	4297
6	4299
5	4301
6	4303
6	4305
5	4307
5	4309
6	4311
6	4313
6	4315
5	4317
5	4319
6	4321
6	4323
6	4325
6	4327
6	4329
6	4331
6	4333
6	4335
5	4337
6	4339
6	4341
6	4343
5	4345
6	4347
6	4349
6	4351
6	4353
6	4355
6	4357
6	4359
6	4361
6	4363
6	4365
6	4367
6	4369
6	4371
6	4373
6	4375
6	4377
6	4379
6	4381
6	4383
6	4385
6	4387
6	4389
6	4391
5	4393
6	4395
5	4397
6	4399
5	4401
6	4403
6	4405
6	4407
6	4409
6	4411
6	4413
6	4415
6	4417
6	4419
6	4421
6	4423
5	4425
5	4427
6	4429
6	4431
6	4433
6	4435
6	4437
6	4439
5	4441
5	4443
6	4445
6	4447
6	4449
6	4451
6	4453
5	4455
6	4457
6	4459
6	4461
6	4463
6	4465
6	4467
6	4469
6	4471
6	4473
6	4475
6	4477
5	4479
6	4481
6	4483
5	4485
5	4487
6	4489
6	4491
6	4493
6	4495
6	4497
5	4499
7	4251:0:4:3
7	4253:2:4:4
7	4255:1:3:2
6	4257
7	4259:1:4:3
7	4261:1:4:3
7	4263:2:4:4
7	4265:1:3:2
6	4267
7	4269:3:4:0
7	4271:2:4:4
6	4273
7	4275:3:1:2
7	4277:3:4:0
6	4279
6	4281
7	4283:0:4:3
7	4285:3:4:0
7	4287:3:1:2
7	4289:1:4:3
7	4291:3:1:2
7	4293:3:1:2
7	4295:1:4:3
6	4297
7	4299:3:4:0
6	4301
7	4303:0:4:3
7	4305:3:1:2
6	4307
6	4309
7	4311:3:4:0
7	4313:1:4:3
7	4315:3:1:2
6	4317
6	4319
7	4321:0:4:3
7	4323:3:4:5
7	4325:1:4:3
7	4327:1:3:2
7	4329:2:4:4
7	4331:3:4:0
7	4333:3:1:2
7	4335:1:3:2
6	4337
7	4339:3:4:0
7	4341:1:3:2
7	4343:3:4:0
6	4345
7	4347:3:4:5
7	4349:3:4:0
7	4351:3:1:2
7	4353:1:3:2
7	4355:0:4:3
7	4357:3:1:2
7	4359:2:4:4
7	4361:3:4:5
7	4363:1:4:3
7	4365:1:4:4
7	4367:1:3:2
7	4369:1:3:2
7	4371:3:1:2
7	4373:2:4:4
7	4375:1:3:2
7	4377:3:1:2
7	4379:3:4:0
7	4381:3:4:0
7	4383:3:1:2
7	4385:0:4:3
7	4387:2:4:4
7	4389:3:1:2
7	4391:3:4:0
6	4393
7	4395:1:3:2
6	4397
7	4399:1:4:3
6	4401
7	4403:2:4:4
7	4405:0:4:3
7	4407:0:4:3
7	4409:3:4:0
7	4411:0:4:3
7	4413:3:1:2
7	4415:3:4:0
7	4417:1:4:3
7	4419:3:4:5
7	4421:3:1:2
7	4423:3:4:0
6	4425
6	4427
7	4429:3:4:0
7	4431:0:4:3
7	4433:1:4:4
7	4435:3:4:0
7	4437:1:3:2
7	4439:0:4:3
6	4441
6	4443
7	4445:3:4:0
7	4447:0:4:3
7	4449:0:4:3
7	4451:3:4:0
7	4453:3:4:0
6	4455
7	4457:1:4:3
7	4459:3:4:5
7	4461:1:4:3
7	4463:2:4:4
7	4465:1:4:4
7	4467:1:3:2
7	4469:2:4:4
7	4471:2:4:4
7	4473:1:4:4
7	4475:3:4:5
7	4477:3:1:2
6	4479
7	4481:2:4:4
7	4483:2:4:4
6	4485
6	4487
7	4489:0:4:3
7	4491:2:4:4
7	4493:2:4:4
7	4495:1:4:4
7	4497:3:4:5
6	4499
6	4251
6	4253
7	4255:1:4:3
7	4257:3:4:5
6	4259
6	4261
6	4263
7	4265:1:4:3
7	4267:1:4:3
7	4269:3:4:5
6	4271
7	4273:3:4:5
6	4275
7	4277:3:4:5
7	4279:1:4:3
7	4281:3:4:5
6	4283
7	4285:3:4:5
6	4287
6	4289
6	4291
6	4293
6	4295
7	4297:1:4:3
7	4299:3:4:5
7	4301:3:4:5
6	4303
6	4305
7	4307:1:4:3
7	4309:3:4:5
7	4311:3:4:5
6	4313
6	4315
7	4317:3:4:5
7	4319:1:4:3
6	4321
6	4323
6	4325
7	4327:1:4:3
6	4329
7	4331:3:4:5
6	4333
7	4335:1:4:3
7	4337:3:4:5
7	4339:3:4:5
7	4341:1:4:3
7	4343:3:4:5
7	4345:1:4:3
6	4347
7	4349:3:4:5
6	4351
7	4353:1:4:3
6	4355
6	4357
6	4359
6	4361
6	4363
6	4365
7	4367:1:4:3
7	4369:1:4:3
6	4371
6	4373
7	4375:1:4:3
6	4377
7	4379:3:4:5
7	4381:3:4:5
6	4383
6	4385
6	4387
6	4389
7	4391:3:4:5
7	4393:1:4:3
7	4395:1:4:3
7	4397:1:4:3
6	4399
7	4401:3:4:5
6	4403
6	4405
6	4407
7	4409:3:4:5
6	4411
6	4413
7	4415:3:4:5
6	4417
6	4419
6	4421
7	4423:3:4:5
7	4425:3:4:5
7	4427:3:4:5
7	4429:3:4:5
6	4431
6	4433
7	4435:3:4:5
7	4437:1:4:3
6	4439
7	4441:1:4:3
7	4443:1:4:3
7	4445:3:4:5
6	4447
6	4449
7	4451:3:4:5
7	4453:3:4:5
7	4455:1:4:3
6	4457
6	4459
6	4461
6	4463
6	4465
7	4467:1:4:3
6	4469
6	4471
6	4473
6	4475
6	4477
7	4479:1:4:3
6	4481
6	4483
7	4485:3:4:5
7	4487:1:4:3
6	4489
6	4491
6	4493
6	4495
6	4497
7	4499:3:4:5
5	4250
5	4252
6	4255
6	4257
5	4258
5	4260
5	4262
6	4265
6	4267
6	4269
5	4270
6	4273
5	4274
6	4277
6	4279
6	4281
5	4282
6	4285
5	4286
5	4288
5	4290
5	4292
5	4294
6	4297
6	4299
6	4301
5	4302
5	4304
6	4307
6	4309
6	4311
5	4312
5	4314
6	4317
6	4319
5	4320
5	4322
5	4324
6	4327
5	4328
6	4331
5	4332
6	4335
6	4337
6	4339
6	4341
6	4343
6	4345
5	4346
6	4349
5	4350
6	4353
5	4354
5	4356
5	4358
5	4360
5	4362
5	4364
6	4367
6	4369
5	4370
5	4372
6	4375
5	4376
6	4379
6	4381
5	4382
5	4384
5	4386
5	4388
6	4391
6	4393
6	4395
6	4397
5	4398
6	4401
5	4402
5	4404
5	4406
6	4409
5	4410
5	4412
6	4415
5	4416
5	4418
5	4420
6	4423
6	4425
6	4427
6	4429
5	4430
5	4432
6	4435
6	4437
5	4438
6	4441
6	4443
6	4445
5	4446
5	4448
6	4451
6	4453
6	4455
5	4456
5	4458
5	4460
5	4462
5	4464
6	4467
5	4468
5	4470
5	4472
5	4474
5	4476
6	4479
5	4480
5	4482
6	4485
6	4487
5	4488
5	4490
5	4492
5	4494
5	4496
6	4499
5	4251
5	4253
5	4254
5	4256
5	4259
5	4261
5	4263
5	4264
5	4266
5	4268
5	4271
5	4272
5	4275
5	4276
5	4278
5	4280
5	4283
5	4284
5	4287
5	4289
5	4291
5	4293
5	4295
5	4296
5	4298
5	4300
5	4303
5	4305
5	4306
5	4308
5	4310
5	4313
5	4315
5	4316
5	4318
5	4321
5	4323
5	4325
5	4326
5	4329
5	4330
5	4333
5	4334
5	4336
5	4338
5	4340
5	4342
5	4344
5	4347
5	4348
5	4351
5	4352
5	4355
5	4357
5	4359
5	4361
5	4363
5	4365
5	4366
5	4368
5	4371
5	4373
5	4374
5	4377
5	4378
5	4380
5	4383
5	4385
5	4387
5	4389
5	4390
5	4392
5	4394
5	4396
5	4399
5	4400
5	4403
5	4405
5	4407
5	4408
5	4411
5	4413
5	4414
5	4417
5	4419
5	4421
5	4422
5	4424
5	4426
5	4428
5	4431
5	4433
5	4434
5	4436
5	4439
5	4440
5	4442
5	4444
5	4447
5	4449
5	4450
5	4452
5	4454
5	4457
5	4459
5	4461
5	4463
5	4465
5	4466
5	4469
5	4471
5	4473
5	4475
5	4477
5	4478
5	4481
5	4483
5	4484
5	4486
5	4489
5	4491
5	4493
5	4495
5	4497
5	4498
6	4250
6	4252
5	4255
5	4257
6	4258
6	4260
6	4262
5	4265
5	4267
5	4269
6	4270
5	4273
6	4274
5	4277
5	4279
5	4281
6	4282
5	4285
6	4286
6	4288
6	4290
6	4292
6	4294
5	4297
5	4299
5	4301
6	4302
6	4304
5	4307
5	4309
5	4311
6	4312
6	4314
5	4317
5	4319
6	4320
6	4322
6	4324
5	4327
6	4328
5	4331
6	4332
5	4335
5	4337
5	4339
5	4341
5	4343
5	4345
6	4346
5	4349
6	4350
5	4353
6	4354
6	4356
6	4358
6	4360
6	4362
6	4364
5	4367
5	4369
6	4370
6	4372
5	4375
6	4376
5	4379
5	4381
6	4382
6	4384
6	4386
6	4388
5	4391
5	4393
5	4395
5	4397
6	4398
5	4401
6	4402
6	4404
6	4406
5	4409
6	4410
6	4412
5	4415
6	4416
6	4418
6	4420
5	4423
5	4425
5	4427
5	4429
6	4430
6	4432
5	4435
5	4437
6	4438
5	4441
5	4443
5	4445
6	4446
6	4448
5	4451
5	4453
5	4455
6	4456
6	4458
6	4460
6	4462
6	4464
5	4467
6	4468
6	4470
6	4472
6	4474
6	4476
5	4479
6	4480
6	4482
5	4485
5	4487
6	4488
6	4490
6	4492
6	4494
6	4496
5	4499
7	4250:0:3:2
7	4252:3:0:1
6	4254
6	4256
7	4258:0:0:0
7	4260:0:0:0
7	4262:3:0:1
6	4264
6	4266
6	4268
7	4270:3:0:1
6	4272
7	4274:1:0:0
6	4276
6	4278
6	4280
7	4282:0:3:2
6	4284
7	4286:1:0:0
7	4288:0:0:0
7	4290:1:0:0
7	4292:1:0:0
7	4294:0:0:0
6	4296
6	4298
6	4300
7	4302:0:3:2
7	4304:1:0:0
6	4306
6	4308
6	4310
7	4312:0:0:0
7	4314:1:0:0
6	4316
6	4318
7	4320:0:3:2
7	4322:1:0:1
7	4324:0:0:0
6	4326
7	4328:3:0:1
6	4330
7	4332:1:0:0
6	4334
6	4336
6	4338
6	4340
6	4342
6	4344
7	4346:1:0:1
6	4348
7	4350:1:0:0
6	4352
7	4354:0:3:2
7	4356:1:0:0
7	4358:3:0:1
7	4360:1:0:1
7	4362:0:0:0
7	4364:4:0:6
6	4366
6	4368
7	4370:1:0:0
7	4372:3:0:1
6	4374
7	4376:1:0:0
6	4378
6	4380
7	4382:1:0:0
7	4384:0:3:2
7	4386:3:0:1
7	4388:1:0:0
6	4390
6	4392
6	4394
6	4396
7	4398:0:0:0
6	4400
7	4402:3:0:1
7	4404:0:3:2
7	4406:0:3:2
6	4408
7	4410:0:3:2
7	4412:1:0:0
6	4414
7	4416:0:0:0
7	4418:1:0:1
7	4420:1:0:0
6	4422
6	4424
6	4426
6	4428
7	4430:0:3:2
7	4432:4:0:6
6	4434
6	4436
7	4438:0:3:2
6	4440
6	4442
6	4444
7	4446:0:3:2
7	4448:0:3:2
6	4450
6	4452
6	4454
7	4456:0:0:0
7	4458:1:0:1
7	4460:0:0:0
7	4462:3:0:1
7	4464:4:0:6
6	4466
7	4468:3:0:1
7	4470:3:0:1
7	4472:4:0:6
7	4474:1:0:1
7	4476:1:0:0
6	4478
7	4480:3:0:1
7	4482:3:0:1
6	4484
6	4486
7	4488:0:3:2
7	4490:3:0:1
7	4492:3:0:1
7	4494:4:0:6
7	4496:1:0:1
6	4498
6	4250
7	4252:3:0:7
7	4254:1:3:2
7	4256:2:1:0
6	4258
6	4260
7	4262:3:0:7
7	4264:1:3:2
7	4266:1:0:1
7	4268:1:3:2
7	4270:3:0:7
7	4272:2:1:0
6	4274
7	4276:1:3:2
7	4278:1:0:1
7	4280:2:1:0
6	4282
7	4284:1:3:2
6	4286
6	4288
6	4290
6	4292
6	4294
7	4296:1:0:1
7	4298:1:3:2
7	4300:2:1:0
6	4302
6	4304
7	4306:1:0:1
7	4308:2:1:0
7	4310:1:3:2
6	4312
6	4314
7	4316:2:1:0
7	4318:1:0:1
6	4320
6	4322
6	4324
7	4326:1:3:2
7	4328:3:0:7
7	4330:1:3:2
6	4332
7	4334:1:3:2
7	4336:2:1:0
7	4338:1:3:2
7	4340:1:3:2
7	4342:1:3:2
7	4344:1:0:1
6	4346
7	4348:1:3:2
6	4350
7	4352:1:3:2
6	4354
6	4356
7	4358:3:0:7
6	4360
6	4362
6	4364
7	4366:1:3:2
7	4368:1:3:2
6	4370
7	4372:3:0:7
7	4374:1:3:2
6	4376
7	4378:1:3:2
7	4380:1:3:2
6	4382
6	4384
7	4386:3:0:7
6	4388
7	4390:1:3:2
7	4392:1:0:1
7	4394:1:3:2
7	4396:1:0:1
6	4398
7	4400:2:1:0
7	4402:3:0:7
6	4404
6	4406
7	4408:1:3:2
6	4410
6	4412
7	4414:1:3:2
6	4416
6	4418
6	4420
7	4422:1:3:2
7	4424:2:1:0
7	4426:2:1:0
7	4428:1:3:2
6	4430
6	4432
7	4434:1:3:2
7	4436:1:3:2
6	4438
7	4440:1:0:1
7	4442:1:0:1
7	4444:1:3:2
6	4446
6	4448
7	4450:1:3:2
7	4452:1:3:2
7	4454:1:0:1
6	4456
6	4458
6	4460
7	4462:3:0:7
6	4464
7	4466:1:3:2
7	4468:3:0:7
7	4470:3:0:7
6	4472
6	4474
6	4476
7	4478:1:0:1
7	4480:3:0:7
7	4482:3:0:7
7	4484:2:1:0
7	4486:1:0:1
6	4488
7	4490:3:0:7
7	4492:3:0:7
6	4494
6	4496
7	4498:2:1:0
5	4250
7	4252:4:0:7
6	4254
6	4256
5	4258
5	4260
7	4262:4:0:7
6	4264
6	4266
6	4268
7	4270:4:0:7
6	4272
5	4274
6	4276
6	4278
6	4280
5	4282
6	4284
5	4286
5	4288
5	4290
5	4292
5	4294
6	4296
6	4298
6	4300
5	4302
5	4304
6	4306
6	4308
6	4310
5	4312
5	4314
6	4316
6	4318
5	4320
5	4322
5	4324
6	4326
7	4328:4:0:7
6	4330
5	4332
6	4334
6	4336
6	4338
6	4340
6	4342
6	4344
5	4346
6	4348
5	4350
6	4352
5	4354
5	4356
7	4358:4:0:7
5	4360
5	4362
5	4364
6	4366
6	4368
5	4370
7	4372:4:0:7
6	4374
5	4376
6	4378
6	4380
5	4382
5	4384
7	4386:4:0:7
5	4388
6	4390
6	4392
6	4394
6	4396
5	4398
6	4400
7	4402:4:0:7
5	4404
5	4406
6	4408
5	4410
5	4412
6	4414
5	4416
5	4418
5	4420
6	4422
6	4424
6	4426
6	4428
5	4430
5	4432
6	4434
6	4436
5	4438
6	4440
6	4442
6	4444
5	4446
5	4448
6	4450
6	4452
6	4454
5	4456
5	4458
5	4460
7	4462:4:0:7
5	4464
6	4466
7	4468:4:0:7
7	4470:4:0:7
5	4472
5	4474
5	4476
6	4478
7	4480:4:0:7
7	4482:4:0:7
6	4484
6	4486
5	4488
7	4490:4:0:7
7	4492:4:0:7
5	4494
5	4496
6	4498
5	4251
6	4252
5	4254
5	4256
5	4259
5	4261
6	4262
5	4264
5	4266
5	4268
6	4270
5	4272
5	4275
5	4276
5	4278
5	4280
5	4283
5	4284
5	4287
5	4289
5	4291
5	4293
5	4295
5	4296
5	4298
5	4300
5	4303
5	4305
5	4306
5	4308
5	4310
5	4313
5	4315
5	4316
5	4318
5	4321
5	4323
5	4325
5	4326
6	4328
5	4330
5	4333
5	4334
5	4336
5	4338
5	4340
5	4342
5	4344
5	4347
5	4348
5	4351
5	4352
5	4355
5	4357
6	4358
5	4361
5	4363
5	4365
5	4366
5	4368
5	4371
6	4372
5	4374
5	4377
5	4378
5	4380
5	4383
5	4385
6	4386
5	4389
5	4390
5	4392
5	4394
5	4396
5	4399
5	4400
6	4402
5	4405
5	4407
5	4408
5	4411
5	4413
5	4414
5	4417
5	4419
5	4421
5	4422
5	4424
5	4426
5	4428
5	4431
5	4433
5	4434
5	4436
5	4439
5	4440
5	4442
5	4444
5	4447
5	4449
5	4450
5	4452
5	4454
5	4457
5	4459
5	4461
6	4462
5	4465
5	4466
6	4468
6	4470
5	4473
5	4475
5	4477
5	4478
6	4480
6	4482
5	4484
5	4486
5	4489
6	4490
6	4492
5	4495
5	4497
5	4498
6	4251
5	4252
5	4255
5	4257
6	4259
6	4261
5	4262
5	4265
5	4267
5	4269
5	4270
5	4273
6	4275
5	4277
5	4279
5	4281
6	4283
5	4285
6	4287
6	4289
6	4291
6	4293
6	4295
5	4297
5	4299
5	4301
6	4303
6	4305
5	4307
5	4309
5	4311
6	4313
6	4315
5	4317
5	4319
6	4321
6	4323
6	4325
5	4327
5	4328
5	4331
6	4333
5	4335
5	4337
5	4339
5	4341
5	4343
5	4345
6	4347
5	4349
6	4351
5	4353
6	4355
6	4357
5	4358
6	4361
6	4363
6	4365
5	4367
5	4369
6	4371
5	4372
5	4375
6	4377
5	4379
5	4381
6	4383
6	4385
5	4386
6	4389
5	4391
5	4393
5	4395
5	4397
6	4399
5	4401
5	4402
6	4405
6	4407
5	4409
6	4411
6	4413
5	4415
6	4417
6	4419
6	4421
5	4423
5	4425
5	4427
5	4429
6	4431
6	4433
5	4435
5	4437
6	4439
5	4441
5	4443
5	4445
6	4447
6	4449
5	4451
5	4453
5	4455
6	4457
6	4459
6	4461
5	4462
6	4465
5	4467
5	4468
5	4470
6	4473
6	4475
6	4477
5	4479
5	4480
5	4482
5	4485
5	4487
6	4489
5	4490
5	4492
6	4495
6	4497
5	4499
7	4251:3:4:5
5	4253
6	4255
6	4257
7	4259:4:1:6
7	4261:4:1:6
5	4263
6	4265
6	4267
6	4269
5	4271
6	4273
7	4275:3:4:3
6	4277
6	4279
6	4281
7	4283:3:4:5
6	4285
7	4287:3:4:3
7	4289:4:1:6
7	4291:3:4:3
7	4293:3:4:3
7	4295:4:1:6
6	4297
6	4299
6	4301
7	4303:3:4:5
7	4305:3:4:3
6	4307
6	4309
6	4311
7	4313:4:1:6
7	4315:3:4:3
6	4317
6	4319
7	4321:3:4:5
7	4323:4:4:5
7	4325:4:1:6
6	4327
5	4329
6	4331
7	4333:3:4:3
6	4335
6	4337
6	4339
6	4341
6	4343
6	4345
7	4347:4:4:5
6	4349
7	4351:3:4:3
6	4353
7	4355:3:4:5
7	4357:3:4:3
5	4359
7	4361:4:4:5
7	4363:4:1:6
7	4365:3:4:4
6	4367
6	4369
7	4371:3:4:3
5	4373
6	4375
7	4377:3:4:3
6	4379
6	4381
7	4383:3:4:3
7	4385:3:4:5
5	4387
7	4389:3:4:3
6	4391
6	4393
6	4395
6	4397
7	4399:4:1:6
6	4401
5	4403
7	4405:3:4:5
7	4407:3:4:5
6	4409
7	4411:3:4:5
7	4413:3:4:3
6	4415
7	4417:4:1:6
7	4419:4:4:5
7	4421:3:4:3
6	4423
6	4425
6	4427
6	4429
7	4431:3:4:5
7	4433:3:4:4
6	4435
6	4437
7	4439:3:4:5
6	4441
6	4443
6	4445
7	4447:3:4:5
7	4449:3:4:5
6	4451
6	4453
6	4455
7	4457:4:1:6
7	4459:4:4:5
7	4461:4:1:6
5	4463
7	4465:3:4:4
6	4467
5	4469
5	4471
7	4473:3:4:4
7	4475:4:4:5
7	4477:3:4:3
6	4479
5	4481
5	4483
6	4485
6	4487
7	4489:3:4:5
5	4491
5	4493
7	4495:3:4:4
7	4497:4:4:5
6	4499
6	4251
6	4253
7	4255:0:4:3
7	4257:4:4:5
6	4259
6	4261
6	4263
7	4265:0:4:3
7	4267:4:1:6
7	4269:1:4:4
6	4271
7	4273:4:4:5
6	4275
7	4277:1:4:4
7	4279:4:1:6
7	4281:4:4:5
6	4283
7	4285:1:4:4
6	4287
6	4289
6	4291
6	4293
6	4295
7	4297:4:1:6
7	4299:1:4:4
7	4301:4:4:5
6	4303
6	4305
7	4307:4:1:6
7	4309:4:4:5
7	4311:1:4:4
6	4313
6	4315
7	4317:4:4:5
7	4319:4:1:6
6	4321
6	4323
6	4325
7	4327:0:4:3
6	4329
7	4331:1:4:4
6	4333
7	4335:0:4:3
7	4337:4:4:5
7	4339:1:4:4
7	4341:0:4:3
7	4343:1:4:4
7	4345:4:1:6
6	4347
7	4349:1:4:4
6	4351
7	4353:0:4:3
6	4355
6	4357
6	4359
6	4361
6	4363
6	4365
7	4367:0:4:3
7	4369:0:4:3
6	4371
6	4373
7	4375:0:4:3
6	4377
7	4379:1:4:4
7	4381:1:4:4
6	4383
6	4385
6	4387
6	4389
7	4391:1:4:4
7	4393:4:1:6
7	4395:0:4:3
7	4397:4:1:6
6	4399
7	4401:4:4:5
6	4403
6	4405
6	4407
7	4409:1:4:4
6	4411
6	4413
7	4415:1:4:4
6	4417
6	4419
6	4421
7	4423:1:4:4
7	4425:4:4:5
7	4427:4:4:5
7	4429:1:4:4
6	4431
6	4433
7	4435:1:4:4
7	4437:0:4:3
6	4439
7	4441:4:1:6
7	4443:4:1:6
7	4445:1:4:4
6	4447
6	4449
7	4451:1:4:4
7	4453:1:4:4
7	4455:4:1:6
6	4457
6	4459
6	4461
6	4463
6	4465
7	4467:0:4:3
6	4469
6	4471
6	4473
6	4475
6	4477
7	4479:4:1:6
6	4481
6	4483
7	4485:4:4:5
7	4487:4:1:6
6	4489
6	4491
6	4493
6	4495
6	4497
7	4499:4:4:5
5	4250
7	4253:0:4:4
6	4255
6	4257
5	4258
5	4260
7	4263:0:4:4
6	4265
6	4267
6	4269
7	4271:0:4:4
6	4273
5	4274
6	4277
6	4279
6	4281
5	4282
6	4285
5	4286
5	4288
5	4290
5	4292
5	4294
6	4297
6	4299
6	4301
5	4302
5	4304
6	4307
6	4309
6	4311
5	4312
5	4314
6	4317
6	4319
5	4320
5	4322
5	4324
6	4327
7	4329:0:4:4
6	4331
5	4332
6	4335
6	4337
6	4339
6	4341
6	4343
6	4345
5	4346
6	4349
5	4350
6	4353
5	4354
5	4356
7	4359:0:4:4
5	4360
5	4362
5	4364
6	4367
6	4369
5	4370
7	4373:0:4:4
6	4375
5	4376
6	4379
6	4381
5	4382
5	4384
7	4387:0:4:4
5	4388
6	4391
6	4393
6	4395
6	4397
5	4398
6	4401
7	4403:0:4:4
5	4404
5	4406
6	4409
5	4410
5	4412
6	4415
5	4416
5	4418
5	4420
6	4423
6	4425
6	4427
6	4429
5	4430
5	4432
6	4435
6	4437
5	4438
6	4441
6	4443
6	4445
5	4446
5	4448
6	4451
6	4453
6	4455
5	4456
5	4458
5	4460
7	4463:0:4:4
5	4464
6	4467
7	4469:0:4:4
7	4471:0:4:4
5	4472
5	4474
5	4476
6	4479
7	4481:0:4:4
7	4483:0:4:4
6	4485
6	4487
5	4488
7	4491:0:4:4
7	4493:0:4:4
5	4494
5	4496
6	4499
5	4251
6	4253
5	4254
5	4256
5	4259
5	4261
6	4263
5	4264
5	4266
5	4268
6	4271
5	4272
5	4275
5	4276
5	4278
5	4280
5	4283
5	4284
5	4287
5	4289
5	4291
5	4293
5	4295
5	4296
5	4298
5	4300
5	4303
5	4305
5	4306
5	4308
5	4310
5	4313
5	4315
5	4316
5	4318
5	4321
5	4323
5	4325
5	4326
6	4329
5	4330
5	4333
5	4334
5	4336
5	4338
5	4340
5	4342
5	4344
5	4347
5	4348
5	4351
5	4352
5	4355
5	4357
6	4359
5	4361
5	4363
5	4365
5	4366
5	4368
5	4371
6	4373
5	4374
5	4377
5	4378
5	4380
5	4383
5	4385
6	4387
5	4389
5	4390
5	4392
5	4394
5	4396
5	4399
5	4400
6	4403
5	4405
5	4407
5	4408
5	4411
5	4413
5	4414
5	4417
5	4419
5	4421
5	4422
5	4424
5	4426
5	4428
5	4431
5	4433
5	4434
5	4436
5	4439
5	4440
5	4442
5	4444
5	4447
5	4449
5	4450
5	4452
5	4454
5	4457
5	4459
5	4461
6	4463
5	4465
5	4466
6	4469
6	4471
5	4473
5	4475
5	4477
5	4478
6	4481
6	4483
5	4484
5	4486
5	4489
6	4491
6	4493
5	4495
5	4497
5	4498
6	4250
5	4252
5	4255
5	4257
6	4258
6	4260
5	4262
5	4265
5	4267
5	4269
5	4270
5	4273
6	4274
5	4277
5	4279
5	4281
6	4282
5	4285
6	4286
6	4288
6	4290
6	4292
6	4294
5	4297
5	4299
5	4301
6	4302
6	4304
5	4307
5	4309
5	4311
6	4312
6	4314
5	4317
5	4319
6	4320
6	4322
6	4324
5	4327
5	4328
5	4331
6	4332
5	4335
5	4337
5	4339
5	4341
5	4343
5	4345
6	4346
5	4349
6	4350
5	4353
6	4354
6	4356
5	4358
6	4360
6	4362
6	4364
5	4367
5	4369
6	4370
5	4372
5	4375
6	4376
5	4379
5	4381
6	4382
6	4384
5	4386
6	4388
5	4391
5	4393
5	4395
5	4397
6	4398
5	4401
5	4402
6	4404
6	4406
5	4409
6	4410
6	4412
5	4415
6	4416
6	4418
6	4420
5	4423
5	4425
5	4427
5	4429
6	4430
6	4432
5	4435
5	4437
6	4438
5	4441
5	4443
5	4445
6	4446
6	4448
5	4451
5	4453
5	4455
6	4456
6	4458
6	4460
5	4462
6	4464
5	4467
5	4468
5	4470
6	4472
6	4474
6	4476
5	4479
5	4480
5	4482
5	4485
5	4487
6	4488
5	4490
5	4492
6	4494
6	4496
5	4499
7	4250:3:0:7
5	4253
6	4254
6	4256
7	4258:2:0:1
7	4260:2:0:1
5	4263
6	4264
6	4266
6	4268
5	4271
6	4272
7	4274:2:3:4
6	4276
6	4278
6	4280
7	4282:3:0:7
6	4284
7	4286:2:3:4
7	4288:2:0:1
7	4290:2:3:4
7	4292:2:3:4
7	4294:2:0:1
6	4296
6	4298
6	4300
7	4302:3:0:7
7	4304:2:3:4
6	4306
6	4308
6	4310
7	4312:2:0:1
7	4314:2:3:4
6	4316
6	4318
7	4320:3:0:7
7	4322:4:3:6
7	4324:2:0:1
6	4326
5	4329
6	4330
7	4332:2:3:4
6	4334
6	4336
6	4338
6	4340
6	4342
6	4344
7	4346:4:3:6
6	4348
7	4350:2:3:4
6	4352
7	4354:3:0:7
7	4356:2:3:4
5	4359
7	4360:4:3:6
7	4362:2:0:1
7	4364:0:3:3
6	4366
6	4368
7	4370:2:3:4
5	4373
6	4374
7	4376:2:3:4
6	4378
6	4380
7	4382:2:3:4
7	4384:3:0:7
5	4387
7	4388:2:3:4
6	4390
6	4392
6	4394
6	4396
7	4398:2:0:1
6	4400
5	4403
7	4404:3:0:7
7	4406:3:0:7
6	4408
7	4410:3:0:7
7	4412:2:3:4
6	4414
7	4416:2:0:1
7	4418:4:3:6
7	4420:2:3:4
6	4422
6	4424
6	4426
6	4428
7	4430:3:0:7
7	4432:0:3:3
6	4434
6	4436
7	4438:3:0:7
6	4440
6	4442
6	4444
7	4446:3:0:7
7	4448:3:0:7
6	4450
6	4452
6	4454
7	4456:2:0:1
7	4458:4:3:6
7	4460:2:0:1
5	4463
7	4464:0:3:3
6	4466
5	4469
5	4471
7	4472:0:3:3
7	4474:4:3:6
7	4476:2:3:4
6	4478
5	4481
5	4483
6	4484
6	4486
7	4488:3:0:7
5	4491
5	4493
7	4494:0:3:3
7	4496:4:3:6
6	4498
6	4250
6	4252
7	4254:2:0:0
7	4256:2:0:0
6	4258
6	4260
6	4262
7	4264:2:0:0
7	4266:0:0:0
7	4268:2:0:0
6	4270
7	4272:2:0:0
6	4274
7	4276:2:0:0
7	4278:0:0:0
7	4280:2:0:0
6	4282
7	4284:2:0:0
6	4286
6	4288
6	4290
6	4292
6	4294
7	4296:0:0:0
7	4298:2:0:0
7	4300:2:0:0
6	4302
6	4304
7	4306:0:0:0
7	4308:2:0:0
7	4310:2:0:0
6	4312
6	4314
7	4316:2:0:0
7	4318:0:0:0
6	4320
6	4322
6	4324
7	4326:2:0:0
6	4328
7	4330:2:0:0
6	4332
7	4334:2:0:0
7	4336:2:0:0
7	4338:2:0:0
7	4340:2:0:0
7	4342:2:0:0
7	4344:0:0:0
6	4346
7	4348:2:0:0
6	4350
7	4352:2:0:0
6	4354
6	4356
6	4358
6	4360
6	4362
6	4364
7	4366:2:0:0
7	4368:2:0:0
6	4370
6	4372
7	4374:2:0:0
6	4376
7	4378:2:0:0
7	4380:2:0:0
6	4382
6	4384
6	4386
6	4388
7	4390:2:0:0
7	4392:0:0:0
7	4394:2:0:0
7	4396:0:0:0
6	4398
7	4400:2:0:0
6	4402
6	4404
6	4406
7	4408:2:0:0
6	4410
6	4412
7	4414:2:0:0
6	4416
6	4418
6	4420
7	4422:2:0:0
7	4424:2:0:0
7	4426:2:0:0
7	4428:2:0:0
6	4430
6	4432
7	4434:2:0:0
7	4436:2:0:0
6	4438
7	4440:0:0:0
7	4442:0:0:0
7	4444:2:0:0
6	4446
6	4448
7	4450:2:0:0
7	4452:2:0:0
7	4454:0:0:0
6	4456
6	4458
6	4460
6	4462
6	4464
7	4466:2:0:0
6	4468
6	4470
6	4472
6	4474
6	4476
7	4478:0:0:0
6	4480
6	4482
7	4484:2:0:0
7	4486:0:0:0
6	4488
6	4490
6	4492
6	4494
6	4496
7	4498:2:0:0
5	4250
7	4252:2:2:3
6	4254
6	4256
5	4258
5	4260
7	4262:2:2:3
6	4264
6	4266
6	4268
7	4270:2:2:3
6	4272
5	4274
6	4276
6	4278
6	4280
5	4282
6	4284
5	4286
5	4288
5	4290
5	4292
5	4294
6	4296
6	4298
6	4300
5	4302
5	4304
6	4306
6	4308
6	4310
5	4312
5	4314
6	4316
6	4318
5	4320
5	4322
5	4324
6	4326
7	4328:2:2:3
6	4330
5	4332
6	4334
6	4336
6	4338
6	4340
6	4342
6	4344
5	4346
6	4348
5	4350
6	4352
5	4354
5	4356
7	4358:2:2:3
5	4360
5	4362
5	4364
6	4366
6	4368
5	4370
7	4372:2:2:3
6	4374
5	4376
6	4378
6	4380
5	4382
5	4384
7	4386:2:2:3
5	4388
6	4390
6	4392
6	4394
6	4396
5	4398
6	4400
7	4402:2:2:3
5	4404
5	4406
6	4408
5	4410
5	4412
6	4414
5	4416
5	4418
5	4420
6	4422
6	4424
6	4426
6	4428
5	4430
5	4432
6	4434
6	4436
5	4438
6	4440
6	4442
6	4444
5	4446
5	4448
6	4450
6	4452
6	4454
5	4456
5	4458
5	4460
7	4462:2:2:3
5	4464
6	4466
7	4468:2:2:3
7	4470:2:2:3
5	4472
5	4474
5	4476
6	4478
7	4480:2:2:3
7	4482:2:2:3
6	4484
6	4486
5	4488
7	4490:2:2:3
7	4492:2:2:3
5	4494
5	4496
6	4498
5	4251
6	4252
5	4254
5	4256
5	4259
5	4261
6	4262
5	4264
5	4266
5	4268
6	4270
5	4272
5	4275
5	4276
5	4278
5	4280
5	4283
5	4284
5	4287
5	4289
5	4291
5	4293
5	4295
5	4296
5	4298
5	4300
5	4303
5	4305
5	4306
5	4308
5	4310
5	4313
5	4315
5	4316
5	4318
5	4321
5	4323
5	4325
5	4326
6	4328
5	4330
5	4333
5	4334
5	4336
5	4338
5	4340
5	4342
5	4344
5	4347
5	4348
5	4351
5	4352
5	4355
5	4357
6	4358
5	4361
5	4363
5	4365
5	4366
5	4368
5	4371
6	4372
5	4374
5	4377
5	4378
5	4380
5	4383
5	4385
6	4386
5	4389
5	4390
5	4392
5	4394
5	4396
5	4399
5	4400
6	4402
5	4405
5	4407
5	4408
5	4411
5	4413
5	4414
5	4417
5	4419
5	4421
5	4422
5	4424
5	4426
5	4428
5	4431
5	4433
5	4434
5	4436
5	4439
5	4440
5	4442
5	4444
5	4447
5	4449
5	4450
5	4452
5	4454
5	4457
5	4459
5	4461
6	4462
5	4465
5	4466
6	4468
6	4470
5	4473
5	4475
5	4477
5	4478
6	4480
6	4482
5	4484
5	4486
5	4489
6	4490
6	4492
5	4495
5	4497
5	4498
6	4251
5	4252
5	4255
5	4257
6	4259
6	4261
5	4262
5	4265
5	4267
5	4269
5	4270
5	4273
6	4275
5	4277
5	4279
5	4281
6	4283
5	4285
6	4287
6	4289
6	4291
6	4293
6	4295
5	4297
5	4299
5	4301
6	4303
6	4305
5	4307
5	4309
5	4311
6	4313
6	4315
5	4317
5	4319
6	4321
6	4323
6	4325
5	4327
5	4328
5	4331
6	4333
5	4335
5	4337
5	4339
5	4341
5	4343
5	4345
6	4347
5	4349
6	4351
5	4353
6	4355
6	4357
5	4358
6	4361
6	4363
6	4365
5	4367
5	4369
6	4371
5	4372
5	4375
6	4377
5	4379
5	4381
6	4383
6	4385
5	4386
6	4389
5	4391
5	4393
5	4395
5	4397
6	4399
5	4401
5	4402
6	4405
6	4407
5	4409
6	4411
6	4413
5	4415
6	4417
6	4419
6	4421
5	4423
5	4425
5	4427
5	4429
6	4431
6	4433
5	4435
5	4437
6	4439
5	4441
5	4443
5	4445
6	4447
6	4449
5	4451
5	4453
5	4455
6	4457
6	4459
6	4461
5	4462
6	4465
5	4467
5	4468
5	4470
6	4473
6	4475
6	4477
5	4479
5	4480
5	4482
5	4485
5	4487
6	4489
5	4490
5	4492
6	4495
6	4497
5	4499
7	4251:1:0:2
5	4253
2	4254
2	4256
7	4259:2:4:4
7	4261:2:4:4
5	4263
2	4264
6	4267
2	4268
5	4271
2	4272
7	4275:1:4:5
2	4276
6	4279
2	4280
7	4283:1:0:2
2	4284
7	4287:1:4:5
7	4289:2:4:4
7	4291:1:4:5
7	4293:1:4:5
7	4295:2:4:4
6	4297
2	4298
2	4300
7	4303:1:0:2
7	4305:1:4:5
6	4307
2	4308
2	4310
7	4313:2:4:4
7	4315:1:4:5
2	4316
6	4319
7	4321:1:0:2
7	4323:2:4:3
7	4325:2:4:4
2	4326
5	4329
2	4330
7	4333:1:4:5
2	4334
2	4336
2	4338
2	4340
2	4342
6	4345
7	4347:2:4:3
2	4348
7	4351:1:4:5
2	4352
7	4355:1:0:2
7	4357:1:4:5
5	4359
7	4361:2:4:3
7	4363:2:4:4
7	4365:1:1:1
2	4366
2	4368
7	4371:1:4:5
5	4373
2	4374
7	4377:1:4:5
2	4378
2	4380
7	4383:1:4:5
7	4385:1:0:2
5	4387
7	4389:1:4:5
2	4390
6	4393
2	4394
6	4397
7	4399:2:4:4
2	4400
5	4403
7	4405:1:0:2
7	4407:1:0:2
2	4408
7	4411:1:0:2
7	4413:1:4:5
2	4414
7	4417:2:4:4
7	4419:2:4:3
7	4421:1:4:5
2	4422
2	4424
2	4426
2	4428
7	4431:1:0:2
7	4433:1:1:1
2	4434
2	4436
7	4439:1:0:2
6	4441
6	4443
2	4444
7	4447:1:0:2
7	4449:1:0:2
2	4450
2	4452
6	4455
7	4457:2:4:4
7	4459:2:4:3
7	4461:2:4:4
5	4463
7	4465:1:1:1
2	4466
5	4469
5	4471
7	4473:1:1:1
7	4475:2:4:3
7	4477:1:4:5
6	4479
5	4481
5	4483
2	4484
6	4487
7	4489:1:0:2
5	4491
5	4493
7	4495:1:1:1
7	4497:2:4:3
2	4498
7	4251:0:1:2
6	4253
2	4255
2	4257
6	4259
6	4261
6	4263
2	4265
7	4267:2:4:4
2	4269
6	4271
2	4273
6	4275
2	4277
7	4279:2:4:4
2	4281
7	4283:0:1:2
2	4285
6	4287
6	4289
6	4291
6	4293
6	4295
7	4297:2:4:4
2	4299
2	4301
7	4303:0:1:2
6	4305
7	4307:2:4:4
2	4309
2	4311
6	4313
6	4315
2	4317
7	4319:2:4:4
7	4321:0:1:2
6	4323
6	4325
2	4327
6	4329
2	4331
6	4333
2	4335
2	4337
2	4339
2	4341
2	4343
7	4345:2:4:4
6	4347
2	4349
6	4351
2	4353
7	4355:0:1:2
6	4357
6	4359
6	4361
6	4363
6	4365
2	4367
2	4369
6	4371
6	4373
2	4375
6	4377
2	4379
2	4381
6	4383
7	4385:0:1:2
6	4387
6	4389
2	4391
7	4393:2:4:4
2	4395
7	4397:2:4:4
6	4399
2	4401
6	4403
7	4405:0:1:2
7	4407:0:1:2
2	4409
7	4411:0:1:2
6	4413
2	4415
6	4417
6	4419
6	4421
2	4423
2	4425
2	4427
2	4429
7	4431:0:1:2
6	4433
2	4435
2	4437
7	4439:0:1:2
7	4441:2:4:4
7	4443:2:4:4
2	4445
7	4447:0:1:2
7	4449:0:1:2
2	4451
2	4453
7	4455:2:4:4
6	4457
6	4459
6	4461
6	4463
6	4465
2	4467
6	4469
6	4471
6	4473
6	4475
6	4477
7	4479:2:4:4
6	4481
6	4483
2	4485
7	4487:2:4:4
7	4489:0:1:2
6	4491
6	4493
6	4495
6	4497
2	4499
6	4251
7	4253:4:1:7
5	4258
5	4260
7	4263:4:1:7
6	4267
7	4271:4:1:7
5	4274
6	4279
6	4283
5	4286
5	4288
5	4290
5	4292
5	4294
6	4297
6	4303
5	4304
6	4307
5	4312
5	4314
6	4319
6	4321
5	4322
5	4324
7	4329:4:1:7
5	4332
6	4345
5	4346
5	4350
6	4355
5	4356
7	4359:4:1:7
5	4360
5	4362
5	4364
5	4370
7	4373:4:1:7
5	4376
5	4382
6	4385
7	4387:4:1:7
5	4388
6	4393
6	4397
5	4398
7	4403:4:1:7
6	4405
6	4407
6	4411
5	4412
5	4416
5	4418
5	4420
6	4431
5	4432
6	4439
6	4441
6	4443
6	4447
6	4449
6	4455
5	4456
5	4458
5	4460
7	4463:4:1:7
5	4464
7	4469:4:1:7
7	4471:4:1:7
5	4472
5	4474
5	4476
6	4479
7	4481:4:1:7
7	4483:4:1:7
6	4487
6	4489
7	4491:4:1:7
7	4493:4:1:7
5	4494
5	4496
5	4250
6	4253
5	4259
5	4261
6	4263
5	4266
6	4271
5	4275
5	4278
5	4282
5	4287
5	4289
5	4291
5	4293
5	4295
5	4296
5	4302
5	4305
5	4306
5	4313
5	4315
5	4318
5	4320
5	4323
5	4325
6	4329
5	4333
5	4344
5	4347
5	4351
5	4354
5	4357
6	4359
5	4361
5	4363
5	4365
5	4371
6	4373
5	4377
5	4383
5	4384
6	4387
5	4389
5	4392
5	4396
5	4399
6	4403
5	4404
5	4406
5	4410
5	4413
5	4417
5	4419
5	4421
5	4430
5	4433
5	4438
5	4440
5	4442
5	4446
5	4448
5	4454
5	4457
5	4459
5	4461
6	4463
5	4465
6	4469
6	4471
5	4473
5	4475
5	4477
5	4478
6	4481
6	4483
5	4486
5	4488
6	4491
6	4493
5	4495
5	4497
5	4251
5	4252
2	4258
2	4260
5	4262
5	4267
5	4270
6	4274
5	4279
5	4283
6	4286
2	4288
6	4290
6	4292
2	4294
5	4297
5	4303
6	4304
5	4307
2	4312
6	4314
5	4319
5	4321
6	4322
2	4324
5	4328
6	4332
5	4345
6	4346
6	4350
5	4355
6	4356
5	4358
6	4360
2	4362
6	4364
6	4370
5	4372
6	4376
6	4382
5	4385
5	4386
6	4388
5	4393
5	4397
2	4398
5	4402
5	4405
5	4407
5	4411
6	4412
2	4416
6	4418
6	4420
5	4431
6	4432
5	4439
5	4441
5	4443
5	4447
5	4449
5	4455
2	4456
6	4458
2	4460
5	4462
6	4464
5	4468
5	4470
6	4472
6	4474
6	4476
5	4479
5	4480
5	4482
5	4487
5	4489
5	4490
5	4492
6	4494
6	4496
6	4250
5	4253
2	4259
2	4261
5	4263
2	4266
5	4271
7	4274:1:3:2
2	4278
6	4282
7	4286:1:3:2
2	4289
7	4290:1:3:2
7	4292:1:3:2
2	4295
2	4296
6	4302
7	4304:1:3:2
2	4306
2	4313
7	4314:1:3:2
2	4318
6	4320
7	4322:2:0:0
2	4325
5	4329
7	4332:1:3:2
2	4344
7	4346:2:0:0
7	4350:1:3:2
6	4354
7	4356:1:3:2
5	4359
7	4360:2:0:0
2	4363
7	4364:2:3:4
7	4370:1:3:2
5	4373
7	4376:1:3:2
7	4382:1:3:2
6	4384
5	4387
7	4388:1:3:2
2	4392
2	4396
2	4399
5	4403
6	4404
6	4406
6	4410
7	4412:1:3:2
2	4417
7	4418:2:0:0
7	4420:1:3:2
6	4430
7	4432:2:3:4
6	4438
2	4440
2	4442
6	4446
6	4448
2	4454
2	4457
7	4458:2:0:0
2	4461
5	4463
7	4464:2:3:4
5	4469
5	4471
7	4472:2:3:4
7	4474:2:0:0
7	4476:1:3:2
2	4478
5	4481
5	4483
2	4486
6	4488
5	4491
5	4493
7	4494:2:3:4
7	4496:2:0:0
7	4250:3:3:6
6	4252
6	4262
2	4267
6	4270
6	4274
2	4279
7	4282:3:3:6
6	4286
6	4290
6	4292
2	4297
7	4302:3:3:6
6	4304
2	4307
6	4314
2	4319
7	4320:3:3:6
6	4322
6	4328
6	4332
2	4345
6	4346
6	4350
7	4354:3:3:6
6	4356
6	4358
6	4360
6	4364
6	4370
6	4372
6	4376
6	4382
7	4384:3:3:6
6	4386
6	4388
2	4393
2	4397
6	4402
7	4404:3:3:6
7	4406:3:3:6
7	4410:3:3:6
6	4412
6	4418
6	4420
7	4430:3:3:6
6	4432
7	4438:3:3:6
2	4441
2	4443
7	4446:3:3:6
7	4448:3:3:6
2	4455
6	4458
6	4462
6	4464
6	4468
6	4470
6	4472
6	4474
6	4476
2	4479
6	4480
6	4482
2	4487
7	4488:3:3:6
6	4490
6	4492
6	4494
6	4496
6	4250
7	4252:3:0:0
7	4262:3:0:0
7	4270:3:0:0
5	4274
6	4282
5	4286
5	4290
5	4292
6	4302
5	4304
5	4314
6	4320
5	4322
7	4328:3:0:0
5	4332
5	4346
5	4350
6	4354
5	4356
7	4358:3:0:0
5	4360
5	4364
5	4370
7	4372:3:0:0
5	4376
5	4382
6	4384
7	4386:3:0:0
5	4388
7	4402:3:0:0
6	4404
6	4406
6	4410
5	4412
5	4418
5	4420
6	4430
5	4432
6	4438
6	4446
6	4448
5	4458
7	4462:3:0:0
5	4464
7	4468:3:0:0
7	4470:3:0:0
5	4472
5	4474
5	4476
7	4480:3:0:0
7	4482:3:0:0
6	4488
7	4490:3:0:0
7	4492:3:0:0
5	4494
5	4496
5	4250
6	4252
6	4262
6	4270
5	4275
5	4282
5	4287
5	4291
5	4293
5	4302
5	4305
5	4315
5	4320
5	4323
6	4328
5	4333
5	4347
5	4351
5	4354
5	4357
6	4358
5	4361
5	4365
5	4371
6	4372
5	4377
5	4383
5	4384
6	4386
5	4389
6	4402
5	4404
5	4406
5	4410
5	4413
5	4419
5	4421
5	4430
5	4433
5	4438
5	4446
5	4448
5	4459
6	4462
5	4465
6	4468
6	4470
5	4473
5	4475
5	4477
6	4480
6	4482
5	4488
6	4490
6	4492
5	4495
5	4497
5	4251
5	4252
5	4262
5	4270
6	4275
5	4283
6	4287
6	4291
6	4293
5	4303
6	4305
6	4315
5	4321
2	4322
5	4328
6	4333
2	4346
6	4351
5	4355
6	4357
5	4358
2	4360
2	4364
6	4371
5	4372
6	4377
6	4383
5	4385
5	4386
6	4389
5	4402
5	4405
5	4407
5	4411
6	4413
2	4418
6	4421
5	4431
2	4432
5	4439
5	4447
5	4449
2	4458
5	4462
2	4464
5	4468
5	4470
2	4472
2	4474
6	4477
5	4480
5	4482
5	4489
5	4490
5	4492
2	4494
2	4496
6	4251
5	4253
5	4263
5	4271
7	4275:0:3:3
6	4283
7	4287:0:3:3
7	4291:0:3:3
7	4293:0:3:3
6	4303
7	4305:0:3:3
7	4315:0:3:3
6	4321
2	4323
5	4329
7	4333:0:3:3
2	4347
7	4351:0:3:3
6	4355
7	4357:0:3:3
5	4359
2	4361
2	4365
7	4371:0:3:3
5	4373
7	4377:0:3:3
7	4383:0:3:3
6	4385
5	4387
7	4389:0:3:3
5	4403
6	4405
6	4407
6	4411
7	4413:0:3:3
2	4419
7	4421:0:3:3
6	4431
2	4433
6	4439
6	4447
6	4449
2	4459
5	4463
2	4465
5	4469
5	4471
2	4473
2	4475
7	4477:0:3:3
5	4481
5	4483
6	4489
5	4491
5	4493
2	4495
2	4497
7	4251:2:4:4
6	4253
6	4263
6	4271
6	4275
7	4283:2:4:4
6	4287
6	4291
6	4293
7	4303:2:4:4
6	4305
6	4315
7	4321:2:4:4
6	4329
6	4333
6	4351
7	4355:2:4:4
6	4357
6	4359
6	4371
6	4373
6	4377
6	4383
7	4385:2:4:4
6	4387
6	4389
6	4403
7	4405:2:4:4
7	4407:2:4:4
7	4411:2:4:4
6	4413
6	4421
7	4431:2:4:4
7	4439:2:4:4
7	4447:2:4:4
7	4449:2:4:4
6	4463
6	4469
6	4471
6	4477
6	4481
6	4483
7	4489:2:4:4
6	4491
6	4493
6	4251
7	4253:2:1:0
7	4263:2:1:0
7	4271:2:1:0
5	4274
6	4283
5	4286
5	4290
5	4292
6	4303
5	4304
5	4314
6	4321
7	4329:2:1:0
5	4332
5	4350
6	4355
5	4356
7	4359:2:1:0
5	4370
7	4373:2:1:0
5	4376
5	4382
6	4385
7	4387:2:1:0
5	4388
7	4403:2:1:0
6	4405
6	4407
6	4411
5	4412
5	4420
6	4431
6	4439
6	4447
6	4449
7	4463:2:1:0
7	4469:2:1:0
7	4471:2:1:0
5	4476
7	4481:2:1:0
7	4483:2:1:0
6	4489
7	4491:2:1:0
7	4493:2:1:0
5	4250
6	4253
6	4263
6	4271
5	4275
5	4282
5	4287
5	4291
5	4293
5	4302
5	4305
5	4315
5	4320
6	4329
5	4333
5	4351
5	4354
5	4357
6	4359
5	4371
6	4373
5	4377
5	4383
5	4384
6	4387
5	4389
6	4403
5	4404
5	4406
5	4410
5	4413
5	4421
5	4430
5	4438
5	4446
5	4448
6	4463
6	4469
6	4471
5	4477
6	4481
6	4483
5	4488
6	4491
6	4493
5	4251
5	4252
5	4262
5	4270
6	4274
5	4283
6	4286
6	4290
6	4292
5	4303
6	4304
6	4314
5	4321
5	4328
6	4332
6	4350
5	4355
6	4356
5	4358
6	4370
5	4372
6	4376
6	4382
5	4385
5	4386
6	4388
5	4402
5	4405
5	4407
5	4411
6	4412
6	4420
5	4431
5	4439
5	4447
5	4449
5	4462
5	4468
5	4470
6	4476
5	4480
5	4482
5	4489
5	4490
5	4492
2	4250
5	4253
5	4263
5	4271
7	4274:2:0:0
2	4282
7	4286:2:0:0
7	4290:2:0:0
7	4292:2:0:0
2	4302
7	4304:2:0:0
7	4314:2:0:0
2	4320
5	4329
7	4332:2:0:0
7	4350:2:0:0
2	4354
7	4356:2:0:0
5	4359
7	4370:2:0:0
5	4373
7	4376:2:0:0
7	4382:2:0:0
2	4384
5	4387
7	4388:2:0:0
5	4403
2	4404
2	4406
2	4410
7	4412:2:0:0
7	4420:2:0:0
2	4430
2	4438
2	4446
2	4448
5	4463
5	4469
5	4471
7	4476:2:0:0
5	4481
5	4483
2	4488
5	4491
5	4493
2	4251
2	4252
2	4262
2	4270
7	4274:3:3:5
2	4283
7	4286:3:3:5
7	4290:3:3:5
7	4292:3:3:5
2	4303
7	4304:3:3:5
7	4314:3:3:5
2	4321
2	4328
7	4332:3:3:5
7	4350:3:3:5
2	4355
7	4356:3:3:5
2	4358
7	4370:3:3:5
2	4372
7	4376:3:3:5
7	4382:3:3:5
2	4385
2	4386
7	4388:3:3:5
2	4402
2	4405
2	4407
2	4411
7	4412:3:3:5
7	4420:3:3:5
2	4431
2	4439
2	4447
2	4449
2	4462
2	4468
2	4470
7	4476:3:3:5
2	4480
2	4482
2	4489
2	4490
2	4492
2	4253
2	4263
2	4271
6	4274
6	4286
6	4290
6	4292
6	4304
6	4314
2	4329
6	4332
6	4350
6	4356
2	4359
6	4370
2	4373
6	4376
6	4382
2	4387
6	4388
2	4403
6	4412
6	4420
2	4463
2	4469
2	4471
6	4476
2	4481
2	4483
2	4491
2	4493
5	4274
5	4286
5	4290
5	4292
5	4304
5	4314
5	4332
5	4350
5	4356
5	4370
5	4376
5	4382
5	4388
5	4412
5	4420
5	4476
5	4275
5	4287
5	4291
5	4293
5	4305
5	4315
5	4333
5	4351
5	4357
5	4371
5	4377
5	4383
5	4389
5	4413
5	4421
5	4477
6	4275
6	4287
6	4291
6	4293
6	4305
6	4315
6	4333
6	4351
6	4357
6	4371
6	4377
6	4383
6	4389
6	4413
6	4421
6	4477
7	4275:2:1:1
7	4287:2:1:1
7	4291:2:1:1
7	4293:2:1:1
7	4305:2:1:1
7	4315:2:1:1
7	4333:2:1:1
7	4351:2:1:1
7	4357:2:1:1
7	4371:2:1:1
7	4377:2:1:1
7	4383:2:1:1
7	4389:2:1:1
7	4413:2:1:1
7	4421:2:1:1
7	4477:2:1:1
6	4275
6	4287
6	4291
6	4293
6	4305
6	4315
6	4333
6	4351
6	4357
6	4371
6	4377
6	4383
6	4389
6	4413
6	4421
6	4477
5	4274
5	4286
5	4290
5	4292
5	4304
5	4314
5	4332
5	4350
5	4356
5	4370
5	4376
5	4382
5	4388
5	4412
5	4420
5	4476
5	4275
5	4287
5	4291
5	4293
5	4305
5	4315
5	4333
5	4351
5	4357
5	4371
5	4377
5	4383
5	4389
5	4413
5	4421
5	4477
6	4274
6	4286
6	4290
6	4292
6	4304
6	4314
6	4332
6	4350
6	4356
6	4370
6	4376
6	4382
6	4388
6	4412
6	4420
6	4476
7	4274:2:0:0
7	4286:2:0:0
7	4290:2:0:0
7	4292:2:0:0
7	4304:2:0:0
7	4314:2:0:0
7	4332:2:0:0
7	4350:2:0:0
7	4356:2:0:0
7	4370:2:0:0
7	4376:2:0:0
7	4382:2:0:0
7	4388:2:0:0
7	4412:2:0:0
7	4420:2:0:0
7	4476:2:0:0
6	4274
6	4286
6	4290
6	4292
6	4304
6	4314
6	4332
6	4350
6	4356
6	4370
6	4376
6	4382
6	4388
6	4412
6	4420
6	4476
5	4274
5	4286
5	4290
5	4292
5	4304
5	4314
5	4332
5	4350
5	4356
5	4370
5	4376
5	4382
5	4388
5	4412
5	4420
5	4476
5	4275
5	4287
5	4291
5	4293
5	4305
5	4315
5	4333
5	4351
5	4357
5	4371
5	4377
5	4383
5	4389
5	4413
5	4421
5	4477
2	4274
2	4286
2	4290
2	4292
2	4304
2	4314
2	4332
2	4350
2	4356
2	4370
2	4376
2	4382
2	4388
2	4412
2	4420
2	4476
2	4275
2	4287
2	4291
2	4293
2	4305
2	4315
2	4333
2	4351
2	4357
2	4371
2	4377
2	4383
2	4389
2	4413
2	4421
2	4477
