7411
0	j4000:4000:j4001:4001
0	j4002:4002:j4003:4003
0	j4004:4004:j4005:4005
0	j4006:4006:j4007:4007
0	j4008:4008:j4009:4009
0	j4010:4010:j4011:4011
0	j4012:4012:j4013:4013
0	j4014:4014:j4015:4015
0	j4016:4016:j4017:4017
0	j4018:4018:j4019:4019
0	j4020:4020:j4021:4021
0	j4022:4022:j4023:4023
0	j4024:4024:j4025:4025
0	j4026:4026:j4027:4027
0	j4028:4028:j4029:4029
0	j4030:4030:j4031:4031
0	j4032:4032:j4033:4033
0	j4034:4034:j4035:4035
0	j4036:4036:j4037:4037
0	j4038:4038:j4039:4039
0	j4040:4040:j4041:4041
0	j4042:4042:j4043:4043
0	j4044:4044:j4045:4045
0	j4046:4046:j4047:4047
0	j4048:4048:j4049:4049
0	j4050:4050:j4051:4051
0	j4052:4052:j4053:4053
0	j4054:4054:j4055:4055
0	j4056:4056:j4057:4057
0	j4058:4058:j4059:4059
0	j4060:4060:j4061:4061
0	j4062:4062:j4063:4063
0	j4064:4064:j4065:4065
0	j4066:4066:j4067:4067
0	j4068:4068:j4069:4069
0	j4070:4070:j4071:4071
0	j4072:4072:j4073:4073
0	j4074:4074:j4075:4075
0	j4076:4076:j4077:4077
0	j4078:4078:j4079:4079
0	j4080:4080:j4081:4081
0	j4082:4082:j4083:4083
0	j4084:4084:j4085:4085
0	j4086:4086:j4087:4087
0	j4088:4088:j4089:4089
0	j4090:4090:j4091:4091
0	j4092:4092:j4093:4093
0	j4094:4094:j4095:4095
0	j4096:4096:j4097:4097
0	j4098:4098:j4099:4099
0	j4100:4100:j4101:4101
0	j4102:4102:j4103:4103
0	j4104:4104:j4105:4105
0	j4106:4106:j4107:4107
0	j4108:4108:j4109:4109
0	j4110:4110:j4111:4111
0	j4112:4112:j4113:4113
0	j4114:4114:j4115:4115
0	j4116:4116:j4117:4117
0	j4118:4118:j4119:4119
0	j4120:4120:j4121:4121
0	j4122:4122:j4123:4123
0	j4124:4124:j4125:4125
0	j4126:4126:j4127:4127
0	j4128:4128:j4129:4129
0	j4130:4130:j4131:4131
0	j4132:4132:j4133:4133
0	j4134:4134:j4135:4135
0	j4136:4136:j4137:4137
0	j4138:4138:j4139:4139
0	j4140:4140:j4141:4141
0	j4142:4142:j4143:4143
0	j4144:4144:j4145:4145
0	j4146:4146:j4147:4147
0	j4148:4148:j4149:4149
0	j4150:4150:j4151:4151
0	j4152:4152:j4153:4153
0	j4154:4154:j4155:4155
0	j4156:4156:j4157:4157
0	j4158:4158:j4159:4159
0	j4160:4160:j4161:4161
0	j4162:4162:j4163:4163
0	j4164:4164:j4165:4165
0	j4166:4166:j4167:4167
0	j4168:4168:j4169:4169
0	j4170:4170:j4171:4171
0	j4172:4172:j4173:4173
0	j4174:4174:j4175:4175
0	j4176:4176:j4177:4177
0	j4178:4178:j4179:4179
0	j4180:4180:j4181:4181
0	j4182:4182:j4183:4183
0	j4184:4184:j4185:4185
0	j4186:4186:j4187:4187
0	j4188:4188:j4189:4189
0	j4190:4190:j4191:4191
0	j4192:4192:j4193:4193
0	j4194:4194:j4195:4195
0	j4196:4196:j4197:4197
0	j4198:4198:j4199:4199
0	j4200:4200:j4201:4201
0	j4202:4202:j4203:4203
0	j4204:4204:j4205:4205
0	j4206:4206:j4207:4207
0	j4208:4208:j4209:4209
0	j4210:4210:j4211:4211
0	j4212:4212:j4213:4213
0	j4214:4214:j4215:4215
0	j4216:4216:j4217:4217
0	j4218:4218:j4219:4219
0	j4220:4220:j4221:4221
0	j4222:4222:j4223:4223
0	j4224:4224:j4225:4225
0	j4226:4226:j4227:4227
0	j4228:4228:j4229:4229
0	j4230:4230:j4231:4231
0	j4232:4232:j4233:4233
0	j4234:4234:j4235:4235
0	j4236:4236:j4237:4237
0	j4238:4238:j4239:4239
0	j4240:4240:j4241:4241
0	j4242:4242:j4243:4243
0	j4244:4244:j4245:4245
0	j4246:4246:j4247:4247
0	j4248:4248:j4249:4249
1	j4000
1	j4002
1	j4004
1	j4006
1	j4008
1	j4010
1	j4012
1	j4014
1	j4016
1	j4018
1	j4020
1	j4022
1	j4024
1	j4026
1	j4028
1	j4030
1	j4032
1	j4034
1	j4036
1	j4038
1	j4040
1	j4042
1	j4044
1	j4046
1	j4048
1	j4050
1	j4052
1	j4054
1	j4056
1	j4058
1	j4060
1	j4062
1	j4064
1	j4066
1	j4068
1	j4070
1	j4072
1	j4074
1	j4076
1	j4078
1	j4080
1	j4082
1	j4084
1	j4086
1	j4088
1	j4090
1	j4092
1	j4094
1	j4096
1	j4098
1	j4100
1	j4102
1	j4104
1	j4106
1	j4108
1	j4110
1	j4112
1	j4114
1	j4116
1	j4118
1	j4120
1	j4122
1	j4124
1	j4126
1	j4128
1	j4130
1	j4132
1	j4134
1	j4136
1	j4138
1	j4140
1	j4142
1	j4144
1	j4146
1	j4148
1	j4150
1	j4152
1	j4154
1	j4156
1	j4158
1	j4160
1	j4162
1	j4164
1	j4166
1	j4168
1	j4170
1	j4172
1	j4174
1	j4176
1	j4178
1	j4180
1	j4182
1	j4184
1	j4186
1	j4188
1	j4190
1	j4192
1	j4194
1	j4196
1	j4198
1	j4200
1	j4202
1	j4204
1	j4206
1	j4208
1	j4210
1	j4212
1	j4214
1	j4216
1	j4218
1	j4220
1	j4222
1	j4224
1	j4226
1	j4228
1	j4230
1	j4232
1	j4234
1	j4236
1	j4238
1	j4240
1	j4242
1	j4244
1	j4246
1	j4248
3	4000
3	4002
3	4004
3	4006
3	4008
3	4010
3	4012
3	4014
3	4016
3	4018
3	4020
3	4022
3	4024
3	4026
3	4028
3	4030
3	4032
3	4034
3	4036
3	4038
3	4040
3	4042
3	4044
3	4046
3	4048
3	4050
3	4052
3	4054
3	4056
3	4058
3	4060
3	4062
3	4064
3	4066
3	4068
3	4070
3	4072
3	4074
3	4076
3	4078
3	4080
3	4082
3	4084
3	4086
3	4088
3	4090
3	4092
3	4094
3	4096
3	4098
3	4100
3	4102
3	4104
3	4106
3	4108
3	4110
3	4112
3	4114
3	4116
3	4118
3	4120
3	4122
3	4124
3	4126
3	4128
3	4130
3	4132
3	4134
3	4136
3	4138
3	4140
3	4142
3	4144
3	4146
3	4148
3	4150
3	4152
3	4154
3	4156
3	4158
3	4160
3	4162
3	4164
3	4166
3	4168
3	4170
3	4172
3	4174
3	4176
3	4178
3	4180
3	4182
3	4184
3	4186
3	4188
3	4190
3	4192
3	4194
3	4196
3	4198
3	4200
3	4202
3	4204
3	4206
3	4208
3	4210
3	4212
3	4214
3	4216
3	4218
3	4220
3	4222
3	4224
3	4226
3	4228
3	4230
3	4232
3	4234
3	4236
3	4238
3	4240
3	4242
3	4244
3	4246
3	4248
5	4000
5	4002
5	4004
5	4006
5	4008
5	4010
5	4012
5	4014
5	4016
5	4018
5	4020
5	4022
5	4024
5	4026
5	4028
5	4030
5	4032
5	4034
5	4036
5	4038
5	4040
5	4042
5	4044
5	4046
5	4048
5	4050
5	4052
5	4054
5	4056
5	4058
5	4060
5	4062
5	4064
5	4066
5	4068
5	4070
5	4072
5	4074
5	4076
5	4078
5	4080
5	4082
5	4084
5	4086
5	4088
5	4090
5	4092
5	4094
5	4096
5	4098
5	4100
5	4102
5	4104
5	4106
5	4108
5	4110
5	4112
5	4114
5	4116
5	4118
5	4120
5	4122
5	4124
5	4126
5	4128
5	4130
5	4132
5	4134
5	4136
5	4138
5	4140
5	4142
5	4144
5	4146
5	4148
5	4150
5	4152
5	4154
5	4156
5	4158
5	4160
5	4162
5	4164
5	4166
5	4168
5	4170
5	4172
5	4174
5	4176
5	4178
5	4180
5	4182
5	4184
5	4186
5	4188
5	4190
5	4192
5	4194
5	4196
5	4198
5	4200
5	4202
5	4204
5	4206
5	4208
5	4210
5	4212
5	4214
5	4216
5	4218
5	4220
5	4222
5	4224
5	4226
5	4228
5	4230
5	4232
5	4234
5	4236
5	4238
5	4240
5	4242
5	4244
5	4246
5	4248
4	4000
4	4002
4	4004
4	4006
4	4008
4	4010
4	4012
4	4014
4	4016
4	4018
4	4020
4	4022
4	4024
4	4026
4	4028
4	4030
4	4032
4	4034
4	4036
4	4038
4	4040
4	4042
4	4044
4	4046
4	4048
4	4050
4	4052
4	4054
4	4056
4	4058
4	4060
4	4062
4	4064
4	4066
4	4068
4	4070
4	4072
4	4074
4	4076
4	4078
4	4080
4	4082
4	4084
4	4086
4	4088
4	4090
4	4092
4	4094
4	4096
4	4098
4	4100
4	4102
4	4104
4	4106
4	4108
4	4110
4	4112
4	4114
4	4116
4	4118
4	4120
4	4122
4	4124
4	4126
4	4128
4	4130
4	4132
4	4134
4	4136
4	4138
4	4140
4	4142
4	4144
4	4146
4	4148
4	4150
4	4152
4	4154
4	4156
4	4158
4	4160
4	4162
4	4164
4	4166
4	4168
4	4170
4	4172
4	4174
4	4176
4	4178
4	4180
4	4182
4	4184
4	4186
4	4188
4	4190
4	4192
4	4194
4	4196
4	4198
4	4200
4	4202
4	4204
4	4206
4	4208
4	4210
4	4212
4	4214
4	4216
4	4218
4	4220
4	4222
4	4224
4	4226
4	4228
4	4230
4	4232
4	4234
4	4236
4	4238
4	4240
4	4242
4	4244
4	4246
4	4248
1	j4001
1	j4003
1	j4005
1	j4007
1	j4009
1	j4011
1	j4013
1	j4015
1	j4017
1	j4019
1	j4021
1	j4023
1	j4025
1	j4027
1	j4029
1	j4031
1	j4033
1	j4035
1	j4037
1	j4039
1	j4041
1	j4043
1	j4045
1	j4047
1	j4049
1	j4051
1	j4053
1	j4055
1	j4057
1	j4059
1	j4061
1	j4063
1	j4065
1	j4067
1	j4069
1	j4071
1	j4073
1	j4075
1	j4077
1	j4079
1	j4081
1	j4083
1	j4085
1	j4087
1	j4089
1	j4091
1	j4093
1	j4095
1	j4097
1	j4099
1	j4101
1	j4103
1	j4105
1	j4107
1	j4109
1	j4111
1	j4113
1	j4115
1	j4117
1	j4119
1	j4121
1	j4123
1	j4125
1	j4127
1	j4129
1	j4131
1	j4133
1	j4135
1	j4137
1	j4139
1	j4141
1	j4143
1	j4145
1	j4147
1	j4149
1	j4151
1	j4153
1	j4155
1	j4157
1	j4159
1	j4161
1	j4163
1	j4165
1	j4167
1	j4169
1	j4171
1	j4173
1	j4175
1	j4177
1	j4179
1	j4181
1	j4183
1	j4185
1	j4187
1	j4189
1	j4191
1	j4193
1	j4195
1	j4197
1	j4199
1	j4201
1	j4203
1	j4205
1	j4207
1	j4209
1	j4211
1	j4213
1	j4215
1	j4217
1	j4219
1	j4221
1	j4223
1	j4225
1	j4227
1	j4229
1	j4231
1	j4233
1	j4235
1	j4237
1	j4239
1	j4241
1	j4243
1	j4245
1	j4247
1	j4249
3	4000
3	4002
3	4004
3	4006
3	4008
3	4010
3	4012
3	4014
3	4016
3	4018
3	4020
3	4022
3	4024
3	4026
3	4028
3	4030
3	4032
3	4034
3	4036
3	4038
3	4040
3	4042
3	4044
3	4046
3	4048
3	4050
3	4052
3	4054
3	4056
3	4058
3	4060
3	4062
3	4064
3	4066
3	4068
3	4070
3	4072
3	4074
3	4076
3	4078
3	4080
3	4082
3	4084
3	4086
3	4088
3	4090
3	4092
3	4094
3	4096
3	4098
3	4100
3	4102
3	4104
3	4106
3	4108
3	4110
3	4112
3	4114
3	4116
3	4118
3	4120
3	4122
3	4124
3	4126
3	4128
3	4130
3	4132
3	4134
3	4136
3	4138
3	4140
3	4142
3	4144
3	4146
3	4148
3	4150
3	4152
3	4154
3	4156
3	4158
3	4160
3	4162
3	4164
3	4166
3	4168
3	4170
3	4172
3	4174
3	4176
3	4178
3	4180
3	4182
3	4184
3	4186
3	4188
3	4190
3	4192
3	4194
3	4196
3	4198
3	4200
3	4202
3	4204
3	4206
3	4208
3	4210
3	4212
3	4214
3	4216
3	4218
3	4220
3	4222
3	4224
3	4226
3	4228
3	4230
3	4232
3	4234
3	4236
3	4238
3	4240
3	4242
3	4244
3	4246
3	4248
5	4000
5	4002
5	4004
5	4006
5	4008
5	4010
5	4012
5	4014
5	4016
5	4018
5	4020
5	4022
5	4024
5	4026
5	4028
5	4030
5	4032
5	4034
5	4036
5	4038
5	4040
5	4042
5	4044
5	4046
5	4048
5	4050
5	4052
5	4054
5	4056
5	4058
5	4060
5	4062
5	4064
5	4066
5	4068
5	4070
5	4072
5	4074
5	4076
5	4078
5	4080
5	4082
5	4084
5	4086
5	4088
5	4090
5	4092
5	4094
5	4096
5	4098
5	4100
5	4102
5	4104
5	4106
5	4108
5	4110
5	4112
5	4114
5	4116
5	4118
5	4120
5	4122
5	4124
5	4126
5	4128
5	4130
5	4132
5	4134
5	4136
5	4138
5	4140
5	4142
5	4144
5	4146
5	4148
5	4150
5	4152
5	4154
5	4156
5	4158
5	4160
5	4162
5	4164
5	4166
5	4168
5	4170
5	4172
5	4174
5	4176
5	4178
5	4180
5	4182
5	4184
5	4186
5	4188
5	4190
5	4192
5	4194
5	4196
5	4198
5	4200
5	4202
5	4204
5	4206
5	4208
5	4210
5	4212
5	4214
5	4216
5	4218
5	4220
5	4222
5	4224
5	4226
5	4228
5	4230
5	4232
5	4234
5	4236
5	4238
5	4240
5	4242
5	4244
5	4246
5	4248
4	4000
4	4002
4	4004
4	4006
4	4008
4	4010
4	4012
4	4014
4	4016
4	4018
4	4020
4	4022
4	4024
4	4026
4	4028
4	4030
4	4032
4	4034
4	4036
4	4038
4	4040
4	4042
4	4044
4	4046
4	4048
4	4050
4	4052
4	4054
4	4056
4	4058
4	4060
4	4062
4	4064
4	4066
4	4068
4	4070
4	4072
4	4074
4	4076
4	4078
4	4080
4	4082
4	4084
4	4086
4	4088
4	4090
4	4092
4	4094
4	4096
4	4098
4	4100
4	4102
4	4104
4	4106
4	4108
4	4110
4	4112
4	4114
4	4116
4	4118
4	4120
4	4122
4	4124
4	4126
4	4128
4	4130
4	4132
4	4134
4	4136
4	4138
4	4140
4	4142
4	4144
4	4146
4	4148
4	4150
4	4152
4	4154
4	4156
4	4158
4	4160
4	4162
4	4164
4	4166
4	4168
4	4170
4	4172
4	4174
4	4176
4	4178
4	4180
4	4182
4	4184
4	4186
4	4188
4	4190
4	4192
4	4194
4	4196
4	4198
4	4200
4	4202
4	4204
4	4206
4	4208
4	4210
4	4212
4	4214
4	4216
4	4218
4	4220
4	4222
4	4224
4	4226
4	4228
4	4230
4	4232
4	4234
4	4236
4	4238
4	4240
4	4242
4	4244
4	4246
4	4248
3	4001
3	4003
3	4005
3	4007
3	4009
3	4011
3	4013
3	4015
3	4017
3	4019
3	4021
3	4023
3	4025
3	4027
3	4029
3	4031
3	4033
3	4035
3	4037
3	4039
3	4041
3	4043
3	4045
3	4047
3	4049
3	4051
3	4053
3	4055
3	4057
3	4059
3	4061
3	4063
3	4065
3	4067
3	4069
3	4071
3	4073
3	4075
3	4077
3	4079
3	4081
3	4083
3	4085
3	4087
3	4089
3	4091
3	4093
3	4095
3	4097
3	4099
3	4101
3	4103
3	4105
3	4107
3	4109
3	4111
3	4113
3	4115
3	4117
3	4119
3	4121
3	4123
3	4125
3	4127
3	4129
3	4131
3	4133
3	4135
3	4137
3	4139
3	4141
3	4143
3	4145
3	4147
3	4149
3	4151
3	4153
3	4155
3	4157
3	4159
3	4161
3	4163
3	4165
3	4167
3	4169
3	4171
3	4173
3	4175
3	4177
3	4179
3	4181
3	4183
3	4185
3	4187
3	4189
3	4191
3	4193
3	4195
3	4197
3	4199
3	4201
3	4203
3	4205
3	4207
3	4209
3	4211
3	4213
3	4215
3	4217
3	4219
3	4221
3	4223
3	4225
3	4227
3	4229
3	4231
3	4233
3	4235
3	4237
3	4239
3	4241
3	4243
3	4245
3	4247
3	4249
5	4001
5	4003
5	4005
5	4007
5	4009
5	4011
5	4013
5	4015
5	4017
5	4019
5	4021
5	4023
5	4025
5	4027
5	4029
5	4031
5	4033
5	4035
5	4037
5	4039
5	4041
5	4043
5	4045
5	4047
5	4049
5	4051
5	4053
5	4055
5	4057
5	4059
5	4061
5	4063
5	4065
5	4067
5	4069
5	4071
5	4073
5	4075
5	4077
5	4079
5	4081
5	4083
5	4085
5	4087
5	4089
5	4091
5	4093
5	4095
5	4097
5	4099
5	4101
5	4103
5	4105
5	4107
5	4109
5	4111
5	4113
5	4115
5	4117
5	4119
5	4121
5	4123
5	4125
5	4127
5	4129
5	4131
5	4133
5	4135
5	4137
5	4139
5	4141
5	4143
5	4145
5	4147
5	4149
5	4151
5	4153
5	4155
5	4157
5	4159
5	4161
5	4163
5	4165
5	4167
5	4169
5	4171
5	4173
5	4175
5	4177
5	4179
5	4181
5	4183
5	4185
5	4187
5	4189
5	4191
5	4193
5	4195
5	4197
5	4199
5	4201
5	4203
5	4205
5	4207
5	4209
5	4211
5	4213
5	4215
5	4217
5	4219
5	4221
5	4223
5	4225
5	4227
5	4229
5	4231
5	4233
5	4235
5	4237
5	4239
5	4241
5	4243
5	4245
5	4247
5	4249
4	4001
4	4003
4	4005
4	4007
4	4009
4	4011
4	4013
4	4015
4	4017
4	4019
4	4021
4	4023
4	4025
4	4027
4	4029
4	4031
4	4033
4	4035
4	4037
4	4039
4	4041
4	4043
4	4045
4	4047
4	4049
4	4051
4	4053
4	4055
4	4057
4	4059
4	4061
4	4063
4	4065
4	4067
4	4069
4	4071
4	4073
4	4075
4	4077
4	4079
4	4081
4	4083
4	4085
4	4087
4	4089
4	4091
4	4093
4	4095
4	4097
4	4099
4	4101
4	4103
4	4105
4	4107
4	4109
4	4111
4	4113
4	4115
4	4117
4	4119
4	4121
4	4123
4	4125
4	4127
4	4129
4	4131
4	4133
4	4135
4	4137
4	4139
4	4141
4	4143
4	4145
4	4147
4	4149
4	4151
4	4153
4	4155
4	4157
4	4159
4	4161
4	4163
4	4165
4	4167
4	4169
4	4171
4	4173
4	4175
4	4177
4	4179
4	4181
4	4183
4	4185
4	4187
4	4189
4	4191
4	4193
4	4195
4	4197
4	4199
4	4201
4	4203
4	4205
4	4207
4	4209
4	4211
4	4213
4	4215
4	4217
4	4219
4	4221
4	4223
4	4225
4	4227
4	4229
4	4231
4	4233
4	4235
4	4237
4	4239
4	4241
4	4243
4	4245
4	4247
4	4249
6	4000
6	4002
6	4004
6	4006
6	4008
6	4010
6	4012
6	4014
6	4016
6	4018
6	4020
6	4022
6	4024
6	4026
6	4028
6	4030
6	4032
6	4034
6	4036
6	4038
6	4040
6	4042
6	4044
6	4046
6	4048
6	4050
6	4052
6	4054
6	4056
6	4058
6	4060
6	4062
6	4064
6	4066
6	4068
6	4070
6	4072
6	4074
6	4076
6	4078
6	4080
6	4082
6	4084
6	4086
6	4088
6	4090
6	4092
6	4094
6	4096
6	4098
6	4100
6	4102
6	4104
6	4106
6	4108
6	4110
6	4112
6	4114
6	4116
6	4118
6	4120
6	4122
6	4124
6	4126
6	4128
6	4130
6	4132
6	4134
6	4136
6	4138
6	4140
6	4142
6	4144
6	4146
6	4148
6	4150
6	4152
6	4154
6	4156
6	4158
6	4160
6	4162
6	4164
6	4166
6	4168
6	4170
6	4172
6	4174
6	4176
6	4178
6	4180
6	4182
6	4184
6	4186
6	4188
6	4190
6	4192
6	4194
6	4196
6	4198
6	4200
6	4202
6	4204
6	4206
6	4208
6	4210
6	4212
6	4214
6	4216
6	4218
6	4220
6	4222
6	4224
6	4226
6	4228
6	4230
6	4232
6	4234
6	4236
6	4238
6	4240
6	4242
6	4244
6	4246
6	4248
7	4000:1:0:2
7	4002:1:0:1
7	4004:4:0:7
7	4006:3:0:7
7	4008:1:0:1
7	4010:4:0:7
7	4012:4:0:7
7	4014:1:0:2
7	4016:2:0:0
7	4018:3:0:7
7	4020:2:0:0
7	4022:1:0:2
7	4024:1:0:2
7	4026:2:0:0
7	4028:0:0:1
7	4030:2:0:0
7	4032:2:0:0
7	4034:1:0:2
7	4036:2:0:0
7	4038:0:0:1
7	4040:4:0:7
7	4042:2:0:0
7	4044:3:0:7
7	4046:1:0:2
7	4048:4:0:7
7	4050:2:0:0
7	4052:1:0:2
7	4054:1:0:2
7	4056:4:0:7
7	4058:1:0:1
7	4060:2:0:0
7	4062:1:0:1
7	4064:4:0:7
7	4066:2:0:0
7	4068:2:0:0
7	4070:4:0:7
7	4072:3:0:7
7	4074:3:0:7
7	4076:2:0:0
7	4078:3:0:7
7	4080:4:0:7
7	4082:4:0:7
7	4084:0:0:1
7	4086:0:0:1
7	4088:0:0:1
7	4090:0:0:1
7	4092:1:0:1
7	4094:2:0:0
7	4096:0:0:1
7	4098:2:0:0
7	4100:4:0:7
7	4102:0:0:1
7	4104:4:0:7
7	4106:4:0:7
7	4108:4:0:7
7	4110:3:0:7
7	4112:4:0:7
7	4114:1:0:1
7	4116:2:0:0
7	4118:0:0:1
7	4120:0:0:1
7	4122:1:0:1
7	4124:4:0:7
7	4126:1:0:2
7	4128:4:0:7
7	4130:0:0:1
7	4132:4:0:7
7	4134:3:0:7
7	4136:4:0:7
7	4138:0:0:1
7	4140:0:0:1
7	4142:2:0:0
7	4144:3:0:7
7	4146:2:0:0
7	4148:1:0:1
7	4150:2:0:0
7	4152:4:0:7
7	4154:2:0:0
7	4156:3:0:7
7	4158:4:0:7
7	4160:1:0:1
7	4162:0:0:1
7	4164:2:0:0
7	4166:0:0:1
7	4168:0:0:1
7	4170:2:0:0
7	4172:0:0:1
7	4174:4:0:7
7	4176:4:0:7
7	4178:4:0:7
7	4180:0:0:1
7	4182:4:0:7
7	4184:2:0:0
7	4186:4:0:7
7	4188:2:0:0
7	4190:4:0:7
7	4192:4:0:7
7	4194:2:0:0
7	4196:4:0:7
7	4198:0:0:1
7	4200:4:0:7
7	4202:1:0:1
7	4204:1:0:2
7	4206:4:0:7
7	4208:0:0:1
7	4210:4:0:7
7	4212:0:0:1
7	4214:1:0:1
7	4216:0:0:1
7	4218:1:0:2
7	4220:4:0:7
7	4222:0:0:1
7	4224:2:0:0
7	4226:1:0:1
7	4228:2:0:0
7	4230:4:0:7
7	4232:2:0:0
7	4234:3:0:7
7	4236:1:0:2
7	4238:1:0:2
7	4240:2:0:0
7	4242:0:0:1
7	4244:1:0:2
7	4246:0:0:1
7	4248:2:0:0
7	4000:1:0:7
6	4002
6	4004
6	4006
6	4008
6	4010
6	4012
7	4014:1:0:7
6	4016
6	4018
6	4020
7	4022:1:0:7
7	4024:1:0:7
6	4026
6	4028
6	4030
6	4032
7	4034:1:0:7
6	4036
6	4038
6	4040
6	4042
6	4044
7	4046:1:0:7
6	4048
6	4050
7	4052:1:0:7
7	4054:1:0:7
6	4056
6	4058
6	4060
6	4062
6	4064
6	4066
6	4068
6	4070
6	4072
6	4074
6	4076
6	4078
6	4080
6	4082
6	4084
6	4086
6	4088
6	4090
6	4092
6	4094
6	4096
6	4098
6	4100
6	4102
6	4104
6	4106
6	4108
6	4110
6	4112
6	4114
6	4116
6	4118
6	4120
6	4122
6	4124
7	4126:1:0:7
6	4128
6	4130
6	4132
6	4134
6	4136
6	4138
6	4140
6	4142
6	4144
6	4146
6	4148
6	4150
6	4152
6	4154
6	4156
6	4158
6	4160
6	4162
6	4164
6	4166
6	4168
6	4170
6	4172
6	4174
6	4176
6	4178
6	4180
6	4182
6	4184
6	4186
6	4188
6	4190
6	4192
6	4194
6	4196
6	4198
6	4200
6	4202
7	4204:1:0:7
6	4206
6	4208
6	4210
6	4212
6	4214
6	4216
7	4218:1:0:7
6	4220
6	4222
6	4224
6	4226
6	4228
6	4230
6	4232
6	4234
7	4236:1:0:7
7	4238:1:0:7
6	4240
6	4242
7	4244:1:0:7
6	4246
6	4248
6	4000
5	4002
5	4004
5	4006
5	4008
5	4010
5	4012
6	4014
5	4016
5	4018
5	4020
6	4022
6	4024
5	4026
5	4028
5	4030
5	4032
6	4034
5	4036
5	4038
5	4040
5	4042
5	4044
6	4046
5	4048
5	4050
6	4052
6	4054
5	4056
5	4058
5	4060
5	4062
5	4064
5	4066
5	4068
5	4070
5	4072
5	4074
5	4076
5	4078
5	4080
5	4082
5	4084
5	4086
5	4088
5	4090
5	4092
5	4094
5	4096
5	4098
5	4100
5	4102
5	4104
5	4106
5	4108
5	4110
5	4112
5	4114
5	4116
5	4118
5	4120
5	4122
5	4124
6	4126
5	4128
5	4130
5	4132
5	4134
5	4136
5	4138
5	4140
5	4142
5	4144
5	4146
5	4148
5	4150
5	4152
5	4154
5	4156
5	4158
5	4160
5	4162
5	4164
5	4166
5	4168
5	4170
5	4172
5	4174
5	4176
5	4178
5	4180
5	4182
5	4184
5	4186
5	4188
5	4190
5	4192
5	4194
5	4196
5	4198
5	4200
5	4202
6	4204
5	4206
5	4208
5	4210
5	4212
5	4214
5	4216
6	4218
5	4220
5	4222
5	4224
5	4226
5	4228
5	4230
5	4232
5	4234
6	4236
6	4238
5	4240
5	4242
6	4244
5	4246
5	4248
5	4000
5	4003
5	4005
5	4007
5	4009
5	4011
5	4013
5	4014
5	4017
5	4019
5	4021
5	4022
5	4024
5	4027
5	4029
5	4031
5	4033
5	4034
5	4037
5	4039
5	4041
5	4043
5	4045
5	4046
5	4049
5	4051
5	4052
5	4054
5	4057
5	4059
5	4061
5	4063
5	4065
5	4067
5	4069
5	4071
5	4073
5	4075
5	4077
5	4079
5	4081
5	4083
5	4085
5	4087
5	4089
5	4091
5	4093
5	4095
5	4097
5	4099
5	4101
5	4103
5	4105
5	4107
5	4109
5	4111
5	4113
5	4115
5	4117
5	4119
5	4121
5	4123
5	4125
5	4126
5	4129
5	4131
5	4133
5	4135
5	4137
5	4139
5	4141
5	4143
5	4145
5	4147
5	4149
5	4151
5	4153
5	4155
5	4157
5	4159
5	4161
5	4163
5	4165
5	4167
5	4169
5	4171
5	4173
5	4175
5	4177
5	4179
5	4181
5	4183
5	4185
5	4187
5	4189
5	4191
5	4193
5	4195
5	4197
5	4199
5	4201
5	4203
5	4204
5	4207
5	4209
5	4211
5	4213
5	4215
5	4217
5	4218
5	4221
5	4223
5	4225
5	4227
5	4229
5	4231
5	4233
5	4235
5	4236
5	4238
5	4241
5	4243
5	4244
5	4247
5	4249
5	4001
6	4003
6	4005
6	4007
6	4009
6	4011
6	4013
5	4015
6	4017
6	4019
6	4021
5	4023
5	4025
6	4027
6	4029
6	4031
6	4033
5	4035
6	4037
6	4039
6	4041
6	4043
6	4045
5	4047
6	4049
6	4051
5	4053
5	4055
6	4057
6	4059
6	4061
6	4063
6	4065
6	4067
6	4069
6	4071
6	4073
6	4075
6	4077
6	4079
6	4081
6	4083
6	4085
6	4087
6	4089
6	4091
6	4093
6	4095
6	4097
6	4099
6	4101
6	4103
6	4105
6	4107
6	4109
6	4111
6	4113
6	4115
6	4117
6	4119
6	4121
6	4123
6	4125
5	4127
6	4129
6	4131
6	4133
6	4135
6	4137
6	4139
6	4141
6	4143
6	4145
6	4147
6	4149
6	4151
6	4153
6	4155
6	4157
6	4159
6	4161
6	4163
6	4165
6	4167
6	4169
6	4171
6	4173
6	4175
6	4177
6	4179
6	4181
6	4183
6	4185
6	4187
6	4189
6	4191
6	4193
6	4195
6	4197
6	4199
6	4201
6	4203
5	4205
6	4207
6	4209
6	4211
6	4213
6	4215
6	4217
5	4219
6	4221
6	4223
6	4225
6	4227
6	4229
6	4231
6	4233
6	4235
5	4237
5	4239
6	4241
6	4243
5	4245
6	4247
6	4249
6	4001
7	4003:1:4:3
7	4005:4:4:4
7	4007:4:4:5
7	4009:1:4:3
7	4011:0:4:4
7	4013:0:4:4
6	4015
7	4017:2:4:5
7	4019:4:4:5
7	4021:2:4:5
6	4023
6	4025
7	4027:2:4:5
7	4029:3:4:5
7	4031:2:4:5
7	4033:0:4:3
6	4035
7	4037:0:4:3
7	4039:3:4:5
7	4041:4:4:5
7	4043:2:4:5
7	4045:4:4:5
6	4047
7	4049:0:4:4
7	4051:2:4:5
6	4053
6	4055
7	4057:4:4:5
7	4059:1:4:3
7	4061:2:4:5
7	4063:1:4:3
7	4065:4:4:5
7	4067:2:4:5
7	4069:0:4:3
7	4071:4:4:4
7	4073:4:4:5
7	4075:4:4:5
7	4077:0:4:3
7	4079:4:4:5
7	4081:4:4:4
7	4083:4:4:4
7	4085:3:4:5
7	4087:4:4:4
7	4089:4:4:4
7	4091:3:4:5
7	4093:1:4:3
7	4095:0:4:3
7	4097:4:4:4
7	4099:0:4:3
7	4101:4:4:4
7	4103:4:4:4
7	4105:0:4:4
7	4107:4:4:5
7	4109:4:4:4
7	4111:4:4:5
7	4113:4:4:5
7	4115:1:4:3
7	4117:2:4:5
7	4119:4:4:4
7	4121:4:4:4
7	4123:1:4:3
7	4125:0:4:4
6	4127
7	4129:4:4:4
7	4131:3:4:5
7	4133:0:4:4
7	4135:4:4:5
7	4137:4:4:5
7	4139:4:4:4
7	4141:4:4:4
7	4143:0:4:3
7	4145:4:4:5
7	4147:2:4:5
7	4149:1:4:3
7	4151:0:4:3
7	4153:0:4:4
7	4155:0:4:3
7	4157:4:4:5
7	4159:4:4:4
7	4161:1:4:3
7	4163:4:4:4
7	4165:0:4:3
7	4167:3:4:5
7	4169:4:4:4
7	4171:2:4:5
7	4173:3:4:5
7	4175:4:4:4
7	4177:0:4:4
7	4179:0:4:4
7	4181:3:4:5
7	4183:0:4:4
7	4185:2:4:5
7	4187:4:4:5
7	4189:2:4:5
7	4191:4:4:5
7	4193:0:4:4
7	4195:0:4:3
7	4197:0:4:4
7	4199:4:4:4
7	4201:4:4:4
7	4203:1:4:3
6	4205
7	4207:4:4:5
7	4209:4:4:4
7	4211:4:4:5
7	4213:4:4:4
7	4215:1:4:3
7	4217:3:4:5
6	4219
7	4221:4:4:4
7	4223:4:4:4
7	4225:2:4:5
7	4227:1:4:3
7	4229:2:4:5
7	4231:0:4:4
7	4233:2:4:5
7	4235:4:4:5
6	4237
6	4239
7	4241:0:4:3
7	4243:4:4:4
6	4245
7	4247:4:4:4
7	4249:2:4:5
7	4001:0:4:3
6	4003
6	4005
6	4007
6	4009
6	4011
6	4013
7	4015:0:4:3
6	4017
6	4019
6	4021
7	4023:0:4:3
7	4025:0:4:3
6	4027
6	4029
6	4031
6	4033
7	4035:0:4:3
6	4037
6	4039
6	4041
6	4043
6	4045
7	4047:0:4:3
6	4049
6	4051
7	4053:0:4:3
7	4055:0:4:3
6	4057
6	4059
6	4061
6	4063
6	4065
6	4067
6	4069
6	4071
6	4073
6	4075
6	4077
6	4079
6	4081
6	4083
6	4085
6	4087
6	4089
6	4091
6	4093
6	4095
6	4097
6	4099
6	4101
6	4103
6	4105
6	4107
6	4109
6	4111
6	4113
6	4115
6	4117
6	4119
6	4121
6	4123
6	4125
7	4127:0:4:3
6	4129
6	4131
6	4133
6	4135
6	4137
6	4139
6	4141
6	4143
6	4145
6	4147
6	4149
6	4151
6	4153
6	4155
6	4157
6	4159
6	4161
6	4163
6	4165
6	4167
6	4169
6	4171
6	4173
6	4175
6	4177
6	4179
6	4181
6	4183
6	4185
6	4187
6	4189
6	4191
6	4193
6	4195
6	4197
6	4199
6	4201
6	4203
7	4205:0:4:3
6	4207
6	4209
6	4211
6	4213
6	4215
6	4217
7	4219:0:4:3
6	4221
6	4223
6	4225
6	4227
6	4229
6	4231
6	4233
6	4235
7	4237:0:4:3
7	4239:0:4:3
6	4241
6	4243
7	4245:0:4:3
6	4247
6	4249
6	4001
5	4002
5	4004
5	4006
5	4008
5	4010
5	4012
6	4015
5	4016
5	4018
5	4020
6	4023
6	4025
5	4026
5	4028
5	4030
5	4032
6	4035
5	4036
5	4038
5	4040
5	4042
5	4044
6	4047
5	4048
5	4050
6	4053
6	4055
5	4056
5	4058
5	4060
5	4062
5	4064
5	4066
5	4068
5	4070
5	4072
5	4074
5	4076
5	4078
5	4080
5	4082
5	4084
5	4086
5	4088
5	4090
5	4092
5	4094
5	4096
5	4098
5	4100
5	4102
5	4104
5	4106
5	4108
5	4110
5	4112
5	4114
5	4116
5	4118
5	4120
5	4122
5	4124
6	4127
5	4128
5	4130
5	4132
5	4134
5	4136
5	4138
5	4140
5	4142
5	4144
5	4146
5	4148
5	4150
5	4152
5	4154
5	4156
5	4158
5	4160
5	4162
5	4164
5	4166
5	4168
5	4170
5	4172
5	4174
5	4176
5	4178
5	4180
5	4182
5	4184
5	4186
5	4188
5	4190
5	4192
5	4194
5	4196
5	4198
5	4200
5	4202
6	4205
5	4206
5	4208
5	4210
5	4212
5	4214
5	4216
6	4219
5	4220
5	4222
5	4224
5	4226
5	4228
5	4230
5	4232
5	4234
6	4237
6	4239
5	4240
5	4242
6	4245
5	4246
5	4248
5	4000
5	4003
5	4005
5	4007
5	4009
5	4011
5	4013
5	4014
5	4017
5	4019
5	4021
5	4022
5	4024
5	4027
5	4029
5	4031
5	4033
5	4034
5	4037
5	4039
5	4041
5	4043
5	4045
5	4046
5	4049
5	4051
5	4052
5	4054
5	4057
5	4059
5	4061
5	4063
5	4065
5	4067
5	4069
5	4071
5	4073
5	4075
5	4077
5	4079
5	4081
5	4083
5	4085
5	4087
5	4089
5	4091
5	4093
5	4095
5	4097
5	4099
5	4101
5	4103
5	4105
5	4107
5	4109
5	4111
5	4113
5	4115
5	4117
5	4119
5	4121
5	4123
5	4125
5	4126
5	4129
5	4131
5	4133
5	4135
5	4137
5	4139
5	4141
5	4143
5	4145
5	4147
5	4149
5	4151
5	4153
5	4155
5	4157
5	4159
5	4161
5	4163
5	4165
5	4167
5	4169
5	4171
5	4173
5	4175
5	4177
5	4179
5	4181
5	4183
5	4185
5	4187
5	4189
5	4191
5	4193
5	4195
5	4197
5	4199
5	4201
5	4203
5	4204
5	4207
5	4209
5	4211
5	4213
5	4215
5	4217
5	4218
5	4221
5	4223
5	4225
5	4227
5	4229
5	4231
5	4233
5	4235
5	4236
5	4238
5	4241
5	4243
5	4244
5	4247
5	4249
5	4001
6	4002
6	4004
6	4006
6	4008
6	4010
6	4012
5	4015
6	4016
6	4018
6	4020
5	4023
5	4025
6	4026
6	4028
6	4030
6	4032
5	4035
6	4036
6	4038
6	4040
6	4042
6	4044
5	4047
6	4048
6	4050
5	4053
5	4055
6	4056
6	4058
6	4060
6	4062
6	4064
6	4066
6	4068
6	4070
6	4072
6	4074
6	4076
6	4078
6	4080
6	4082
6	4084
6	4086
6	4088
6	4090
6	4092
6	4094
6	4096
6	4098
6	4100
6	4102
6	4104
6	4106
6	4108
6	4110
6	4112
6	4114
6	4116
6	4118
6	4120
6	4122
6	4124
5	4127
6	4128
6	4130
6	4132
6	4134
6	4136
6	4138
6	4140
6	4142
6	4144
6	4146
6	4148
6	4150
6	4152
6	4154
6	4156
6	4158
6	4160
6	4162
6	4164
6	4166
6	4168
6	4170
6	4172
6	4174
6	4176
6	4178
6	4180
6	4182
6	4184
6	4186
6	4188
6	4190
6	4192
6	4194
6	4196
6	4198
6	4200
6	4202
5	4205
6	4206
6	4208
6	4210
6	4212
6	4214
6	4216
5	4219
6	4220
6	4222
6	4224
6	4226
6	4228
6	4230
6	4232
6	4234
5	4237
5	4239
6	4240
6	4242
5	4245
6	4246
6	4248
6	4000
7	4002:0:0:0
7	4004:3:0:0
7	4006:0:0:1
7	4008:0:0:0
7	4010:3:0:2
7	4012:3:0:2
6	4014
7	4016:3:0:7
7	4018:0:0:1
7	4020:3:0:7
6	4022
6	4024
7	4026:3:0:7
7	4028:4:0:7
7	4030:3:0:7
7	4032:0:0:1
6	4034
7	4036:0:0:1
7	4038:4:0:7
7	4040:3:0:0
7	4042:3:0:7
7	4044:0:0:1
6	4046
7	4048:3:0:2
7	4050:3:0:7
6	4052
6	4054
7	4056:3:0:0
7	4058:0:0:0
7	4060:3:0:7
7	4062:0:0:0
7	4064:3:0:0
7	4066:3:0:7
7	4068:0:0:1
7	4070:3:0:0
7	4072:0:0:1
7	4074:0:0:1
7	4076:0:0:1
7	4078:0:0:1
7	4080:3:0:0
7	4082:3:0:0
7	4084:4:0:7
7	4086:1:0:0
7	4088:1:0:0
7	4090:4:0:7
7	4092:0:0:0
7	4094:0:0:1
7	4096:1:0:0
7	4098:0:0:1
7	4100:3:0:0
7	4102:1:0:0
7	4104:3:0:2
7	4106:3:0:0
7	4108:3:0:0
7	4110:0:0:1
7	4112:3:0:0
7	4114:0:0:0
7	4116:3:0:7
7	4118:1:0:0
7	4120:1:0:0
7	4122:0:0:0
7	4124:3:0:2
6	4126
7	4128:3:0:0
7	4130:4:0:7
7	4132:3:0:2
7	4134:0:0:1
7	4136:3:0:0
7	4138:1:0:0
7	4140:1:0:0
7	4142:0:0:1
7	4144:0:0:1
7	4146:3:0:7
7	4148:0:0:0
7	4150:0:0:1
7	4152:3:0:2
7	4154:0:0:1
7	4156:0:0:1
7	4158:3:0:0
7	4160:0:0:0
7	4162:1:0:0
7	4164:0:0:1
7	4166:4:0:7
7	4168:1:0:0
7	4170:3:0:7
7	4172:4:0:7
7	4174:3:0:0
7	4176:3:0:2
7	4178:3:0:2
7	4180:4:0:7
7	4182:3:0:2
7	4184:3:0:7
7	4186:3:0:0
7	4188:3:0:7
7	4190:3:0:0
7	4192:3:0:2
7	4194:0:0:1
7	4196:3:0:2
7	4198:1:0:0
7	4200:3:0:0
7	4202:0:0:0
6	4204
7	4206:3:0:0
7	4208:1:0:0
7	4210:3:0:0
7	4212:1:0:0
7	4214:0:0:0
7	4216:4:0:7
6	4218
7	4220:3:0:0
7	4222:1:0:0
7	4224:3:0:7
7	4226:0:0:0
7	4228:3:0:7
7	4230:3:0:2
7	4232:3:0:7
7	4234:0:0:1
6	4236
6	4238
7	4240:0:0:1
7	4242:1:0:0
6	4244
7	4246:1:0:0
7	4248:3:0:7
7	4000:0:1:2
6	4002
6	4004
7	4006:4:0:7
6	4008
6	4010
6	4012
7	4014:0:1:2
6	4016
7	4018:4:0:7
6	4020
7	4022:0:1:2
7	4024:0:1:2
6	4026
6	4028
6	4030
6	4032
7	4034:0:1:2
6	4036
6	4038
6	4040
6	4042
7	4044:4:0:7
7	4046:0:1:2
6	4048
6	4050
7	4052:0:1:2
7	4054:0:1:2
6	4056
6	4058
6	4060
6	4062
6	4064
6	4066
6	4068
6	4070
7	4072:4:0:7
7	4074:4:0:7
6	4076
7	4078:4:0:7
6	4080
6	4082
6	4084
6	4086
6	4088
6	4090
6	4092
6	4094
6	4096
6	4098
6	4100
6	4102
6	4104
6	4106
6	4108
7	4110:4:0:7
6	4112
6	4114
6	4116
6	4118
6	4120
6	4122
6	4124
7	4126:0:1:2
6	4128
6	4130
6	4132
7	4134:4:0:7
6	4136
6	4138
6	4140
6	4142
7	4144:4:0:7
6	4146
6	4148
6	4150
6	4152
6	4154
7	4156:4:0:7
6	4158
6	4160
6	4162
6	4164
6	4166
6	4168
6	4170
6	4172
6	4174
6	4176
6	4178
6	4180
6	4182
6	4184
6	4186
6	4188
6	4190
6	4192
6	4194
6	4196
6	4198
6	4200
6	4202
7	4204:0:1:2
6	4206
6	4208
6	4210
6	4212
6	4214
6	4216
7	4218:0:1:2
6	4220
6	4222
6	4224
6	4226
6	4228
6	4230
6	4232
7	4234:4:0:7
7	4236:0:1:2
7	4238:0:1:2
6	4240
6	4242
7	4244:0:1:2
6	4246
6	4248
6	4000
5	4002
5	4004
6	4006
5	4008
5	4010
5	4012
6	4014
5	4016
6	4018
5	4020
6	4022
6	4024
5	4026
5	4028
5	4030
5	4032
6	4034
5	4036
5	4038
5	4040
5	4042
6	4044
6	4046
5	4048
5	4050
6	4052
6	4054
5	4056
5	4058
5	4060
5	4062
5	4064
5	4066
5	4068
5	4070
6	4072
6	4074
5	4076
6	4078
5	4080
5	4082
5	4084
5	4086
5	4088
5	4090
5	4092
5	4094
5	4096
5	4098
5	4100
5	4102
5	4104
5	4106
5	4108
6	4110
5	4112
5	4114
5	4116
5	4118
5	4120
5	4122
5	4124
6	4126
5	4128
5	4130
5	4132
6	4134
5	4136
5	4138
5	4140
5	4142
6	4144
5	4146
5	4148
5	4150
5	4152
5	4154
6	4156
5	4158
5	4160
5	4162
5	4164
5	4166
5	4168
5	4170
5	4172
5	4174
5	4176
5	4178
5	4180
5	4182
5	4184
5	4186
5	4188
5	4190
5	4192
5	4194
5	4196
5	4198
5	4200
5	4202
6	4204
5	4206
5	4208
5	4210
5	4212
5	4214
5	4216
6	4218
5	4220
5	4222
5	4224
5	4226
5	4228
5	4230
5	4232
6	4234
6	4236
6	4238
5	4240
5	4242
6	4244
5	4246
5	4248
5	4000
5	4003
5	4005
5	4006
5	4009
5	4011
5	4013
5	4014
5	4017
5	4018
5	4021
5	4022
5	4024
5	4027
5	4029
5	4031
5	4033
5	4034
5	4037
5	4039
5	4041
5	4043
5	4044
5	4046
5	4049
5	4051
5	4052
5	4054
5	4057
5	4059
5	4061
5	4063
5	4065
5	4067
5	4069
5	4071
5	4072
5	4074
5	4077
5	4078
5	4081
5	4083
5	4085
5	4087
5	4089
5	4091
5	4093
5	4095
5	4097
5	4099
5	4101
5	4103
5	4105
5	4107
5	4109
5	4110
5	4113
5	4115
5	4117
5	4119
5	4121
5	4123
5	4125
5	4126
5	4129
5	4131
5	4133
5	4134
5	4137
5	4139
5	4141
5	4143
5	4144
5	4147
5	4149
5	4151
5	4153
5	4155
5	4156
5	4159
5	4161
5	4163
5	4165
5	4167
5	4169
5	4171
5	4173
5	4175
5	4177
5	4179
5	4181
5	4183
5	4185
5	4187
5	4189
5	4191
5	4193
5	4195
5	4197
5	4199
5	4201
5	4203
5	4204
5	4207
5	4209
5	4211
5	4213
5	4215
5	4217
5	4218
5	4221
5	4223
5	4225
5	4227
5	4229
5	4231
5	4233
5	4234
5	4236
5	4238
5	4241
5	4243
5	4244
5	4247
5	4249
5	4001
6	4003
6	4005
5	4007
6	4009
6	4011
6	4013
5	4015
6	4017
5	4019
6	4021
5	4023
5	4025
6	4027
6	4029
6	4031
6	4033
5	4035
6	4037
6	4039
6	4041
6	4043
5	4045
5	4047
6	4049
6	4051
5	4053
5	4055
6	4057
6	4059
6	4061
6	4063
6	4065
6	4067
6	4069
6	4071
5	4073
5	4075
6	4077
5	4079
6	4081
6	4083
6	4085
6	4087
6	4089
6	4091
6	4093
6	4095
6	4097
6	4099
6	4101
6	4103
6	4105
6	4107
6	4109
5	4111
6	4113
6	4115
6	4117
6	4119
6	4121
6	4123
6	4125
5	4127
6	4129
6	4131
6	4133
5	4135
6	4137
6	4139
6	4141
6	4143
5	4145
6	4147
6	4149
6	4151
6	4153
6	4155
5	4157
6	4159
6	4161
6	4163
6	4165
6	4167
6	4169
6	4171
6	4173
6	4175
6	4177
6	4179
6	4181
6	4183
6	4185
6	4187
6	4189
6	4191
6	4193
6	4195
6	4197
6	4199
6	4201
6	4203
5	4205
6	4207
6	4209
6	4211
6	4213
6	4215
6	4217
5	4219
6	4221
6	4223
6	4225
6	4227
6	4229
6	4231
6	4233
5	4235
5	4237
5	4239
6	4241
6	4243
5	4245
6	4247
6	4249
6	4001
7	4003:0:4:3
7	4005:3:4:0
6	4007
7	4009:0:4:3
7	4011:3:4:5
7	4013:3:4:5
6	4015
7	4017:1:4:4
6	4019
7	4021:1:4:4
6	4023
6	4025
7	4027:1:4:4
7	4029:1:3:2
7	4031:1:4:4
7	4033:3:1:2
6	4035
7	4037:3:1:2
7	4039:1:3:2
7	4041:1:4:3
7	4043:1:4:4
6	4045
6	4047
7	4049:3:4:5
7	4051:1:4:4
6	4053
6	4055
7	4057:1:4:3
7	4059:0:4:3
7	4061:1:4:4
7	4063:0:4:3
7	4065:1:4:3
7	4067:1:4:4
7	4069:3:1:2
7	4071:3:4:0
6	4073
6	4075
7	4077:3:1:2
6	4079
7	4081:3:4:0
7	4083:3:4:0
7	4085:1:3:2
7	4087:2:4:4
7	4089:2:4:4
7	4091:1:3:2
7	4093:0:4:3
7	4095:3:1:2
7	4097:2:4:4
7	4099:3:1:2
7	4101:3:4:0
7	4103:2:4:4
7	4105:3:4:5
7	4107:1:4:3
7	4109:3:4:0
6	4111
7	4113:1:4:3
7	4115:0:4:3
7	4117:1:4:4
7	4119:2:4:4
7	4121:2:4:4
7	4123:0:4:3
7	4125:3:4:5
6	4127
7	4129:3:4:0
7	4131:1:3:2
7	4133:3:4:5
6	4135
7	4137:1:4:3
7	4139:2:4:4
7	4141:2:4:4
7	4143:3:1:2
6	4145
7	4147:1:4:4
7	4149:0:4:3
7	4151:3:1:2
7	4153:3:4:5
7	4155:3:1:2
6	4157
7	4159:3:4:0
7	4161:0:4:3
7	4163:2:4:4
7	4165:3:1:2
7	4167:1:3:2
7	4169:2:4:4
7	4171:1:4:4
7	4173:1:3:2
7	4175:3:4:0
7	4177:3:4:5
7	4179:3:4:5
7	4181:1:3:2
7	4183:3:4:5
7	4185:1:4:4
7	4187:1:4:3
7	4189:1:4:4
7	4191:1:4:3
7	4193:3:4:5
7	4195:3:1:2
7	4197:3:4:5
7	4199:2:4:4
7	4201:3:4:0
7	4203:0:4:3
6	4205
7	4207:1:4:3
7	4209:2:4:4
7	4211:1:4:3
7	4213:2:4:4
7	4215:0:4:3
7	4217:1:3:2
6	4219
7	4221:3:4:0
7	4223:2:4:4
7	4225:1:4:4
7	4227:0:4:3
7	4229:1:4:4
7	4231:3:4:5
7	4233:1:4:4
6	4235
6	4237
6	4239
7	4241:3:1:2
7	4243:2:4:4
6	4245
7	4247:2:4:4
7	4249:1:4:4
7	4001:3:4:5
6	4003
7	4005:3:4:5
7	4007:1:4:3
6	4009
6	4011
6	4013
7	4015:3:4:5
6	4017
7	4019:1:4:3
6	4021
7	4023:3:4:5
7	4025:3:4:5
6	4027
7	4029:1:4:3
6	4031
6	4033
7	4035:3:4:5
6	4037
7	4039:1:4:3
6	4041
6	4043
7	4045:1:4:3
7	4047:3:4:5
6	4049
6	4051
7	4053:3:4:5
7	4055:3:4:5
6	4057
6	4059
6	4061
6	4063
6	4065
6	4067
6	4069
7	4071:3:4:5
7	4073:1:4:3
7	4075:1:4:3
6	4077
7	4079:1:4:3
7	4081:3:4:5
7	4083:3:4:5
7	4085:1:4:3
6	4087
6	4089
7	4091:1:4:3
6	4093
6	4095
6	4097
6	4099
7	4101:3:4:5
6	4103
6	4105
6	4107
7	4109:3:4:5
7	4111:1:4:3
6	4113
6	4115
6	4117
6	4119
6	4121
6	4123
6	4125
7	4127:3:4:5
7	4129:3:4:5
7	4131:1:4:3
6	4133
7	4135:1:4:3
6	4137
6	4139
6	4141
6	4143
7	4145:1:4:3
6	4147
6	4149
6	4151
6	4153
6	4155
7	4157:1:4:3
7	4159:3:4:5
6	4161
6	4163
6	4165
7	4167:1:4:3
6	4169
6	4171
7	4173:1:4:3
7	4175:3:4:5
6	4177
6	4179
7	4181:1:4:3
6	4183
6	4185
6	4187
6	4189
6	4191
6	4193
6	4195
6	4197
6	4199
7	4201:3:4:5
6	4203
7	4205:3:4:5
6	4207
6	4209
6	4211
6	4213
6	4215
7	4217:1:4:3
7	4219:3:4:5
7	4221:3:4:5
6	4223
6	4225
6	4227
6	4229
6	4231
6	4233
7	4235:1:4:3
7	4237:3:4:5
7	4239:3:4:5
6	4241
6	4243
7	4245:3:4:5
6	4247
6	4249
6	4001
5	4002
6	4005
6	4007
5	4008
5	4010
5	4012
6	4015
5	4016
6	4019
5	4020
6	4023
6	4025
5	4026
6	4029
5	4030
5	4032
6	4035
5	4036
6	4039
5	4040
5	4042
6	4045
6	4047
5	4048
5	4050
6	4053
6	4055
5	4056
5	4058
5	4060
5	4062
5	4064
5	4066
5	4068
6	4071
6	4073
6	4075
5	4076
6	4079
6	4081
6	4083
6	4085
5	4086
5	4088
6	4091
5	4092
5	4094
5	4096
5	4098
6	4101
5	4102
5	4104
5	4106
6	4109
6	4111
5	4112
5	4114
5	4116
5	4118
5	4120
5	4122
5	4124
6	4127
6	4129
6	4131
5	4132
6	4135
5	4136
5	4138
5	4140
5	4142
6	4145
5	4146
5	4148
5	4150
5	4152
5	4154
6	4157
6	4159
5	4160
5	4162
5	4164
6	4167
5	4168
5	4170
6	4173
6	4175
5	4176
5	4178
6	4181
5	4182
5	4184
5	4186
5	4188
5	4190
5	4192
5	4194
5	4196
5	4198
6	4201
5	4202
6	4205
5	4206
5	4208
5	4210
5	4212
5	4214
6	4217
6	4219
6	4221
5	4222
5	4224
5	4226
5	4228
5	4230
5	4232
6	4235
6	4237
6	4239
5	4240
5	4242
6	4245
5	4246
5	4248
5	4000
5	4003
5	4004
5	4006
5	4009
5	4011
5	4013
5	4014
5	4017
5	4018
5	4021
5	4022
5	4024
5	4027
5	4028
5	4031
5	4033
5	4034
5	4037
5	4038
5	4041
5	4043
5	4044
5	4046
5	4049
5	4051
5	4052
5	4054
5	4057
5	4059
5	4061
5	4063
5	4065
5	4067
5	4069
5	4070
5	4072
5	4074
5	4077
5	4078
5	4080
5	4082
5	4084
5	4087
5	4089
5	4090
5	4093
5	4095
5	4097
5	4099
5	4100
5	4103
5	4105
5	4107
5	4108
5	4110
5	4113
5	4115
5	4117
5	4119
5	4121
5	4123
5	4125
5	4126
5	4128
5	4130
5	4133
5	4134
5	4137
5	4139
5	4141
5	4143
5	4144
5	4147
5	4149
5	4151
5	4153
5	4155
5	4156
5	4158
5	4161
5	4163
5	4165
5	4166
5	4169
5	4171
5	4172
5	4174
5	4177
5	4179
5	4180
5	4183
5	4185
5	4187
5	4189
5	4191
5	4193
5	4195
5	4197
5	4199
5	4200
5	4203
5	4204
5	4207
5	4209
5	4211
5	4213
5	4215
5	4216
5	4218
5	4220
5	4223
5	4225
5	4227
5	4229
5	4231
5	4233
5	4234
5	4236
5	4238
5	4241
5	4243
5	4244
5	4247
5	4249
5	4001
6	4002
5	4005
5	4007
6	4008
6	4010
6	4012
5	4015
6	4016
5	4019
6	4020
5	4023
5	4025
6	4026
5	4029
6	4030
6	4032
5	4035
6	4036
5	4039
6	4040
6	4042
5	4045
5	4047
6	4048
6	4050
5	4053
5	4055
6	4056
6	4058
6	4060
6	4062
6	4064
6	4066
6	4068
5	4071
5	4073
5	4075
6	4076
5	4079
5	4081
5	4083
5	4085
6	4086
6	4088
5	4091
6	4092
6	4094
6	4096
6	4098
5	4101
6	4102
6	4104
6	4106
5	4109
5	4111
6	4112
6	4114
6	4116
6	4118
6	4120
6	4122
6	4124
5	4127
5	4129
5	4131
6	4132
5	4135
6	4136
6	4138
6	4140
6	4142
5	4145
6	4146
6	4148
6	4150
6	4152
6	4154
5	4157
5	4159
6	4160
6	4162
6	4164
5	4167
6	4168
6	4170
5	4173
5	4175
6	4176
6	4178
5	4181
6	4182
6	4184
6	4186
6	4188
6	4190
6	4192
6	4194
6	4196
6	4198
5	4201
6	4202
5	4205
6	4206
6	4208
6	4210
6	4212
6	4214
5	4217
5	4219
5	4221
6	4222
6	4224
6	4226
6	4228
6	4230
6	4232
5	4235
5	4237
5	4239
6	4240
6	4242
5	4245
6	4246
6	4248
6	4000
7	4002:0:3:2
6	4004
6	4006
7	4008:0:3:2
7	4010:1:0:1
7	4012:1:0:1
6	4014
7	4016:4:0:6
6	4018
7	4020:4:0:6
6	4022
6	4024
7	4026:4:0:6
6	4028
7	4030:4:0:6
7	4032:1:0:0
6	4034
7	4036:1:0:0
6	4038
7	4040:0:0:0
7	4042:4:0:6
6	4044
6	4046
7	4048:1:0:1
7	4050:4:0:6
6	4052
6	4054
7	4056:0:0:0
7	4058:0:3:2
7	4060:4:0:6
7	4062:0:3:2
7	4064:0:0:0
7	4066:4:0:6
7	4068:1:0:0
6	4070
6	4072
6	4074
7	4076:1:0:0
6	4078
6	4080
6	4082
6	4084
7	4086:3:0:1
7	4088:3:0:1
6	4090
7	4092:0:3:2
7	4094:1:0:0
7	4096:3:0:1
7	4098:1:0:0
6	4100
7	4102:3:0:1
7	4104:1:0:1
7	4106:0:0:0
6	4108
6	4110
7	4112:0:0:0
7	4114:0:3:2
7	4116:4:0:6
7	4118:3:0:1
7	4120:3:0:1
7	4122:0:3:2
7	4124:1:0:1
6	4126
6	4128
6	4130
7	4132:1:0:1
6	4134
7	4136:0:0:0
7	4138:3:0:1
7	4140:3:0:1
7	4142:1:0:0
6	4144
7	4146:4:0:6
7	4148:0:3:2
7	4150:1:0:0
7	4152:1:0:1
7	4154:1:0:0
6	4156
6	4158
7	4160:0:3:2
7	4162:3:0:1
7	4164:1:0:0
6	4166
7	4168:3:0:1
7	4170:4:0:6
6	4172
6	4174
7	4176:1:0:1
7	4178:1:0:1
6	4180
7	4182:1:0:1
7	4184:4:0:6
7	4186:0:0:0
7	4188:4:0:6
7	4190:0:0:0
7	4192:1:0:1
7	4194:1:0:0
7	4196:1:0:1
7	4198:3:0:1
6	4200
7	4202:0:3:2
6	4204
7	4206:0:0:0
7	4208:3:0:1
7	4210:0:0:0
7	4212:3:0:1
7	4214:0:3:2
6	4216
6	4218
6	4220
7	4222:3:0:1
7	4224:4:0:6
7	4226:0:3:2
7	4228:4:0:6
7	4230:1:0:1
7	4232:4:0:6
6	4234
6	4236
6	4238
7	4240:1:0:0
7	4242:3:0:1
6	4244
7	4246:3:0:1
7	4248:4:0:6
7	4000:2:1:0
6	4002
7	4004:1:3:2
7	4006:1:0:1
6	4008
6	4010
6	4012
7	4014:2:1:0
6	4016
7	4018:1:0:1
6	4020
7	4022:2:1:0
7	4024:2:1:0
6	4026
7	4028:1:3:2
6	4030
6	4032
7	4034:2:1:0
6	4036
7	4038:1:3:2
6	4040
6	4042
7	4044:1:0:1
7	4046:2:1:0
6	4048
6	4050
7	4052:2:1:0
7	4054:2:1:0
6	4056
6	4058
6	4060
6	4062
6	4064
6	4066
6	4068
7	4070:1:3:2
7	4072:1:0:1
7	4074:1:0:1
6	4076
7	4078:1:0:1
7	4080:1:3:2
7	4082:1:3:2
7	4084:1:3:2
7	4086:3:0:7
7	4088:3:0:7
7	4090:1:3:2
6	4092
6	4094
7	4096:3:0:7
6	4098
7	4100:1:3:2
7	4102:3:0:7
6	4104
6	4106
7	4108:1:3:2
7	4110:1:0:1
6	4112
6	4114
6	4116
7	4118:3:0:7
7	4120:3:0:7
6	4122
6	4124
7	4126:2:1:0
7	4128:1:3:2
7	4130:1:3:2
6	4132
7	4134:1:0:1
6	4136
7	4138:3:0:7
7	4140:3:0:7
6	4142
7	4144:1:0:1
6	4146
6	4148
6	4150
6	4152
6	4154
7	4156:1:0:1
7	4158:1:3:2
6	4160
7	4162:3:0:7
6	4164
7	4166:1:3:2
7	4168:3:0:7
6	4170
7	4172:1:3:2
7	4174:1:3:2
6	4176
6	4178
7	4180:1:3:2
6	4182
6	4184
6	4186
6	4188
6	4190
6	4192
6	4194
6	4196
7	4198:3:0:7
7	4200:1:3:2
6	4202
7	4204:2:1:0
6	4206
7	4208:3:0:7
6	4210
7	4212:3:0:7
6	4214
7	4216:1:3:2
7	4218:2:1:0
7	4220:1:3:2
7	4222:3:0:7
6	4224
6	4226
6	4228
6	4230
6	4232
7	4234:1:0:1
7	4236:2:1:0
7	4238:2:1:0
6	4240
7	4242:3:0:7
7	4244:2:1:0
7	4246:3:0:7
6	4248
6	4000
5	4002
6	4004
6	4006
5	4008
5	4010
5	4012
6	4014
5	4016
6	4018
5	4020
6	4022
6	4024
5	4026
6	4028
5	4030
5	4032
6	4034
5	4036
6	4038
5	4040
5	4042
6	4044
6	4046
5	4048
5	4050
6	4052
6	4054
5	4056
5	4058
5	4060
5	4062
5	4064
5	4066
5	4068
6	4070
6	4072
6	4074
5	4076
6	4078
6	4080
6	4082
6	4084
7	4086:4:0:7
7	4088:4:0:7
6	4090
5	4092
5	4094
7	4096:4:0:7
5	4098
6	4100
7	4102:4:0:7
5	4104
5	4106
6	4108
6	4110
5	4112
5	4114
5	4116
7	4118:4:0:7
7	4120:4:0:7
5	4122
5	4124
6	4126
6	4128
6	4130
5	4132
6	4134
5	4136
7	4138:4:0:7
7	4140:4:0:7
5	4142
6	4144
5	4146
5	4148
5	4150
5	4152
5	4154
6	4156
6	4158
5	4160
7	4162:4:0:7
5	4164
6	4166
7	4168:4:0:7
5	4170
6	4172
6	4174
5	4176
5	4178
6	4180
5	4182
5	4184
5	4186
5	4188
5	4190
5	4192
5	4194
5	4196
7	4198:4:0:7
6	4200
5	4202
6	4204
5	4206
7	4208:4:0:7
5	4210
7	4212:4:0:7
5	4214
6	4216
6	4218
6	4220
7	4222:4:0:7
5	4224
5	4226
5	4228
5	4230
5	4232
6	4234
6	4236
6	4238
5	4240
7	4242:4:0:7
6	4244
7	4246:4:0:7
5	4248
5	4000
5	4003
5	4004
5	4006
5	4009
5	4011
5	4013
5	4014
5	4017
5	4018
5	4021
5	4022
5	4024
5	4027
5	4028
5	4031
5	4033
5	4034
5	4037
5	4038
5	4041
5	4043
5	4044
5	4046
5	4049
5	4051
5	4052
5	4054
5	4057
5	4059
5	4061
5	4063
5	4065
5	4067
5	4069
5	4070
5	4072
5	4074
5	4077
5	4078
5	4080
5	4082
5	4084
6	4086
6	4088
5	4090
5	4093
5	4095
6	4096
5	4099
5	4100
6	4102
5	4105
5	4107
5	4108
5	4110
5	4113
5	4115
5	4117
6	4118
6	4120
5	4123
5	4125
5	4126
5	4128
5	4130
5	4133
5	4134
5	4137
6	4138
6	4140
5	4143
5	4144
5	4147
5	4149
5	4151
5	4153
5	4155
5	4156
5	4158
5	4161
6	4162
5	4165
5	4166
6	4168
5	4171
5	4172
5	4174
5	4177
5	4179
5	4180
5	4183
5	4185
5	4187
5	4189
5	4191
5	4193
5	4195
5	4197
6	4198
5	4200
5	4203
5	4204
5	4207
6	4208
5	4211
6	4212
5	4215
5	4216
5	4218
5	4220
6	4222
5	4225
5	4227
5	4229
5	4231
5	4233
5	4234
5	4236
5	4238
5	4241
6	4242
5	4244
6	4246
5	4249
5	4001
6	4003
5	4005
5	4007
6	4009
6	4011
6	4013
5	4015
6	4017
5	4019
6	4021
5	4023
5	4025
6	4027
5	4029
6	4031
6	4033
5	4035
6	4037
5	4039
6	4041
6	4043
5	4045
5	4047
6	4049
6	4051
5	4053
5	4055
6	4057
6	4059
6	4061
6	4063
6	4065
6	4067
6	4069
5	4071
5	4073
5	4075
6	4077
5	4079
5	4081
5	4083
5	4085
5	4086
5	4088
5	4091
6	4093
6	4095
5	4096
6	4099
5	4101
5	4102
6	4105
6	4107
5	4109
5	4111
6	4113
6	4115
6	4117
5	4118
5	4120
6	4123
6	4125
5	4127
5	4129
5	4131
6	4133
5	4135
6	4137
5	4138
5	4140
6	4143
5	4145
6	4147
6	4149
6	4151
6	4153
6	4155
5	4157
5	4159
6	4161
5	4162
6	4165
5	4167
5	4168
6	4171
5	4173
5	4175
6	4177
6	4179
5	4181
6	4183
6	4185
6	4187
6	4189
6	4191
6	4193
6	4195
6	4197
5	4198
5	4201
6	4203
5	4205
6	4207
5	4208
6	4211
5	4212
6	4215
5	4217
5	4219
5	4221
5	4222
6	4225
6	4227
6	4229
6	4231
6	4233
5	4235
5	4237
5	4239
6	4241
5	4242
5	4245
5	4246
6	4249
6	4001
7	4003:3:4:5
6	4005
6	4007
7	4009:3:4:5
7	4011:4:4:5
7	4013:4:4:5
6	4015
7	4017:3:4:4
6	4019
7	4021:3:4:4
6	4023
6	4025
7	4027:3:4:4
6	4029
7	4031:3:4:4
7	4033:3:4:3
6	4035
7	4037:3:4:3
6	4039
7	4041:4:1:6
7	4043:3:4:4
6	4045
6	4047
7	4049:4:4:5
7	4051:3:4:4
6	4053
6	4055
7	4057:4:1:6
7	4059:3:4:5
7	4061:3:4:4
7	4063:3:4:5
7	4065:4:1:6
7	4067:3:4:4
7	4069:3:4:3
6	4071
6	4073
6	4075
7	4077:3:4:3
6	4079
6	4081
6	4083
6	4085
5	4087
5	4089
6	4091
7	4093:3:4:5
7	4095:3:4:3
5	4097
7	4099:3:4:3
6	4101
5	4103
7	4105:4:4:5
7	4107:4:1:6
6	4109
6	4111
7	4113:4:1:6
7	4115:3:4:5
7	4117:3:4:4
5	4119
5	4121
7	4123:3:4:5
7	4125:4:4:5
6	4127
6	4129
6	4131
7	4133:4:4:5
6	4135
7	4137:4:1:6
5	4139
5	4141
7	4143:3:4:3
6	4145
7	4147:3:4:4
7	4149:3:4:5
7	4151:3:4:3
7	4153:4:4:5
7	4155:3:4:3
6	4157
6	4159
7	4161:3:4:5
5	4163
7	4165:3:4:3
6	4167
5	4169
7	4171:3:4:4
6	4173
6	4175
7	4177:4:4:5
7	4179:4:4:5
6	4181
7	4183:4:4:5
7	4185:3:4:4
7	4187:4:1:6
7	4189:3:4:4
7	4191:4:1:6
7	4193:4:4:5
7	4195:3:4:3
7	4197:4:4:5
5	4199
6	4201
7	4203:3:4:5
6	4205
7	4207:4:1:6
5	4209
7	4211:4:1:6
5	4213
7	4215:3:4:5
6	4217
6	4219
6	4221
5	4223
7	4225:3:4:4
7	4227:3:4:5
7	4229:3:4:4
7	4231:4:4:5
7	4233:3:4:4
6	4235
6	4237
6	4239
7	4241:3:4:3
5	4243
6	4245
5	4247
7	4249:3:4:4
7	4001:4:4:5
6	4003
7	4005:1:4:4
7	4007:4:1:6
6	4009
6	4011
6	4013
7	4015:4:4:5
6	4017
7	4019:4:1:6
6	4021
7	4023:4:4:5
7	4025:4:4:5
6	4027
7	4029:0:4:3
6	4031
6	4033
7	4035:4:4:5
6	4037
7	4039:0:4:3
6	4041
6	4043
7	4045:4:1:6
7	4047:4:4:5
6	4049
6	4051
7	4053:4:4:5
7	4055:4:4:5
6	4057
6	4059
6	4061
6	4063
6	4065
6	4067
6	4069
7	4071:1:4:4
7	4073:4:1:6
7	4075:4:1:6
6	4077
7	4079:4:1:6
7	4081:1:4:4
7	4083:1:4:4
7	4085:0:4:3
6	4087
6	4089
7	4091:0:4:3
6	4093
6	4095
6	4097
6	4099
7	4101:1:4:4
6	4103
6	4105
6	4107
7	4109:1:4:4
7	4111:4:1:6
6	4113
6	4115
6	4117
6	4119
6	4121
6	4123
6	4125
7	4127:4:4:5
7	4129:1:4:4
7	4131:0:4:3
6	4133
7	4135:4:1:6
6	4137
6	4139
6	4141
6	4143
7	4145:4:1:6
6	4147
6	4149
6	4151
6	4153
6	4155
7	4157:4:1:6
7	4159:1:4:4
6	4161
6	4163
6	4165
7	4167:0:4:3
6	4169
6	4171
7	4173:0:4:3
7	4175:1:4:4
6	4177
6	4179
7	4181:0:4:3
6	4183
6	4185
6	4187
6	4189
6	4191
6	4193
6	4195
6	4197
6	4199
7	4201:1:4:4
6	4203
7	4205:4:4:5
6	4207
6	4209
6	4211
6	4213
6	4215
7	4217:0:4:3
7	4219:4:4:5
7	4221:1:4:4
6	4223
6	4225
6	4227
6	4229
6	4231
6	4233
7	4235:4:1:6
7	4237:4:4:5
7	4239:4:4:5
6	4241
6	4243
7	4245:4:4:5
6	4247
6	4249
6	4001
5	4002
6	4005
6	4007
5	4008
5	4010
5	4012
6	4015
5	4016
6	4019
5	4020
6	4023
6	4025
5	4026
6	4029
5	4030
5	4032
6	4035
5	4036
6	4039
5	4040
5	4042
6	4045
6	4047
5	4048
5	4050
6	4053
6	4055
5	4056
5	4058
5	4060
5	4062
5	4064
5	4066
5	4068
6	4071
6	4073
6	4075
5	4076
6	4079
6	4081
6	4083
6	4085
7	4087:0:4:4
7	4089:0:4:4
6	4091
5	4092
5	4094
7	4097:0:4:4
5	4098
6	4101
7	4103:0:4:4
5	4104
5	4106
6	4109
6	4111
5	4112
5	4114
5	4116
7	4119:0:4:4
7	4121:0:4:4
5	4122
5	4124
6	4127
6	4129
6	4131
5	4132
6	4135
5	4136
7	4139:0:4:4
7	4141:0:4:4
5	4142
6	4145
5	4146
5	4148
5	4150
5	4152
5	4154
6	4157
6	4159
5	4160
7	4163:0:4:4
5	4164
6	4167
7	4169:0:4:4
5	4170
6	4173
6	4175
5	4176
5	4178
6	4181
5	4182
5	4184
5	4186
5	4188
5	4190
5	4192
5	4194
5	4196
7	4199:0:4:4
6	4201
5	4202
6	4205
5	4206
7	4209:0:4:4
5	4210
7	4213:0:4:4
5	4214
6	4217
6	4219
6	4221
7	4223:0:4:4
5	4224
5	4226
5	4228
5	4230
5	4232
6	4235
6	4237
6	4239
5	4240
7	4243:0:4:4
6	4245
7	4247:0:4:4
5	4248
5	4000
5	4003
5	4004
5	4006
5	4009
5	4011
5	4013
5	4014
5	4017
5	4018
5	4021
5	4022
5	4024
5	4027
5	4028
5	4031
5	4033
5	4034
5	4037
5	4038
5	4041
5	4043
5	4044
5	4046
5	4049
5	4051
5	4052
5	4054
5	4057
5	4059
5	4061
5	4063
5	4065
5	4067
5	4069
5	4070
5	4072
5	4074
5	4077
5	4078
5	4080
5	4082
5	4084
6	4087
6	4089
5	4090
5	4093
5	4095
6	4097
5	4099
5	4100
6	4103
5	4105
5	4107
5	4108
5	4110
5	4113
5	4115
5	4117
6	4119
6	4121
5	4123
5	4125
5	4126
5	4128
5	4130
5	4133
5	4134
5	4137
6	4139
6	4141
5	4143
5	4144
5	4147
5	4149
5	4151
5	4153
5	4155
5	4156
5	4158
5	4161
6	4163
5	4165
5	4166
6	4169
5	4171
5	4172
5	4174
5	4177
5	4179
5	4180
5	4183
5	4185
5	4187
5	4189
5	4191
5	4193
5	4195
5	4197
6	4199
5	4200
5	4203
5	4204
5	4207
6	4209
5	4211
6	4213
5	4215
5	4216
5	4218
5	4220
6	4223
5	4225
5	4227
5	4229
5	4231
5	4233
5	4234
5	4236
5	4238
5	4241
6	4243
5	4244
6	4247
5	4249
5	4001
6	4002
5	4005
5	4007
6	4008
6	4010
6	4012
5	4015
6	4016
5	4019
6	4020
5	4023
5	4025
6	4026
5	4029
6	4030
6	4032
5	4035
6	4036
5	4039
6	4040
6	4042
5	4045
5	4047
6	4048
6	4050
5	4053
5	4055
6	4056
6	4058
6	4060
6	4062
6	4064
6	4066
6	4068
5	4071
5	4073
5	4075
6	4076
5	4079
5	4081
5	4083
5	4085
5	4086
5	4088
5	4091
6	4092
6	4094
5	4096
6	4098
5	4101
5	4102
6	4104
6	4106
5	4109
5	4111
6	4112
6	4114
6	4116
5	4118
5	4120
6	4122
6	4124
5	4127
5	4129
5	4131
6	4132
5	4135
6	4136
5	4138
5	4140
6	4142
5	4145
6	4146
6	4148
6	4150
6	4152
6	4154
5	4157
5	4159
6	4160
5	4162
6	4164
5	4167
5	4168
6	4170
5	4173
5	4175
6	4176
6	4178
5	4181
6	4182
6	4184
6	4186
6	4188
6	4190
6	4192
6	4194
6	4196
5	4198
5	4201
6	4202
5	4205
6	4206
5	4208
6	4210
5	4212
6	4214
5	4217
5	4219
5	4221
5	4222
6	4224
6	4226
6	4228
6	4230
6	4232
5	4235
5	4237
5	4239
6	4240
5	4242
5	4245
5	4246
6	4248
6	4000
7	4002:3:0:7
6	4004
6	4006
7	4008:3:0:7
7	4010:4:3:6
7	4012:4:3:6
6	4014
7	4016:0:3:3
6	4018
7	4020:0:3:3
6	4022
6	4024
7	4026:0:3:3
6	4028
7	4030:0:3:3
7	4032:2:3:4
6	4034
7	4036:2:3:4
6	4038
7	4040:2:0:1
7	4042:0:3:3
6	4044
6	4046
7	4048:4:3:6
7	4050:0:3:3
6	4052
6	4054
7	4056:2:0:1
7	4058:3:0:7
7	4060:0:3:3
7	4062:3:0:7
7	4064:2:0:1
7	4066:0:3:3
7	4068:2:3:4
6	4070
6	4072
6	4074
7	4076:2:3:4
6	4078
6	4080
6	4082
6	4084
5	4087
5	4089
6	4090
7	4092:3:0:7
7	4094:2:3:4
5	4097
7	4098:2:3:4
6	4100
5	4103
7	4104:4:3:6
7	4106:2:0:1
6	4108
6	4110
7	4112:2:0:1
7	4114:3:0:7
7	4116:0:3:3
5	4119
5	4121
7	4122:3:0:7
7	4124:4:3:6
6	4126
6	4128
6	4130
7	4132:4:3:6
6	4134
7	4136:2:0:1
5	4139
5	4141
7	4142:2:3:4
6	4144
7	4146:0:3:3
7	4148:3:0:7
7	4150:2:3:4
7	4152:4:3:6
7	4154:2:3:4
6	4156
6	4158
7	4160:3:0:7
5	4163
7	4164:2:3:4
6	4166
5	4169
7	4170:0:3:3
6	4172
6	4174
7	4176:4:3:6
7	4178:4:3:6
6	4180
7	4182:4:3:6
7	4184:0:3:3
7	4186:2:0:1
7	4188:0:3:3
7	4190:2:0:1
7	4192:4:3:6
7	4194:2:3:4
7	4196:4:3:6
5	4199
6	4200
7	4202:3:0:7
6	4204
7	4206:2:0:1
5	4209
7	4210:2:0:1
5	4213
7	4214:3:0:7
6	4216
6	4218
6	4220
5	4223
7	4224:0:3:3
7	4226:3:0:7
7	4228:0:3:3
7	4230:4:3:6
7	4232:0:3:3
6	4234
6	4236
6	4238
7	4240:2:3:4
5	4243
6	4244
5	4247
7	4248:0:3:3
7	4000:2:0:0
6	4002
7	4004:2:0:0
7	4006:0:0:0
6	4008
6	4010
6	4012
7	4014:2:0:0
6	4016
7	4018:0:0:0
6	4020
7	4022:2:0:0
7	4024:2:0:0
6	4026
7	4028:2:0:0
6	4030
6	4032
7	4034:2:0:0
6	4036
7	4038:2:0:0
6	4040
6	4042
7	4044:0:0:0
7	4046:2:0:0
6	4048
6	4050
7	4052:2:0:0
7	4054:2:0:0
6	4056
6	4058
6	4060
6	4062
6	4064
6	4066
6	4068
7	4070:2:0:0
7	4072:0:0:0
7	4074:0:0:0
6	4076
7	4078:0:0:0
7	4080:2:0:0
7	4082:2:0:0
7	4084:2:0:0
6	4086
6	4088
7	4090:2:0:0
6	4092
6	4094
6	4096
6	4098
7	4100:2:0:0
6	4102
6	4104
6	4106
7	4108:2:0:0
7	4110:0:0:0
6	4112
6	4114
6	4116
6	4118
6	4120
6	4122
6	4124
7	4126:2:0:0
7	4128:2:0:0
7	4130:2:0:0
6	4132
7	4134:0:0:0
6	4136
6	4138
6	4140
6	4142
7	4144:0:0:0
6	4146
6	4148
6	4150
6	4152
6	4154
7	4156:0:0:0
7	4158:2:0:0
6	4160
6	4162
6	4164
7	4166:2:0:0
6	4168
6	4170
7	4172:2:0:0
7	4174:2:0:0
6	4176
6	4178
7	4180:2:0:0
6	4182
6	4184
6	4186
6	4188
6	4190
6	4192
6	4194
6	4196
6	4198
7	4200:2:0:0
6	4202
7	4204:2:0:0
6	4206
6	4208
6	4210
6	4212
6	4214
7	4216:2:0:0
7	4218:2:0:0
7	4220:2:0:0
6	4222
6	4224
6	4226
6	4228
6	4230
6	4232
7	4234:0:0:0
7	4236:2:0:0
7	4238:2:0:0
6	4240
6	4242
7	4244:2:0:0
6	4246
6	4248
6	4000
5	4002
6	4004
6	4006
5	4008
5	4010
5	4012
6	4014
5	4016
6	4018
5	4020
6	4022
6	4024
5	4026
6	4028
5	4030
5	4032
6	4034
5	4036
6	4038
5	4040
5	4042
6	4044
6	4046
5	4048
5	4050
6	4052
6	4054
5	4056
5	4058
5	4060
5	4062
5	4064
5	4066
5	4068
6	4070
6	4072
6	4074
5	4076
6	4078
6	4080
6	4082
6	4084
7	4086:2:2:3
7	4088:2:2:3
6	4090
5	4092
5	4094
7	4096:2:2:3
5	4098
6	4100
7	4102:2:2:3
5	4104
5	4106
6	4108
6	4110
5	4112
5	4114
5	4116
7	4118:2:2:3
7	4120:2:2:3
5	4122
5	4124
6	4126
6	4128
6	4130
5	4132
6	4134
5	4136
7	4138:2:2:3
7	4140:2:2:3
5	4142
6	4144
5	4146
5	4148
5	4150
5	4152
5	4154
6	4156
6	4158
5	4160
7	4162:2:2:3
5	4164
6	4166
7	4168:2:2:3
5	4170
6	4172
6	4174
5	4176
5	4178
6	4180
5	4182
5	4184
5	4186
5	4188
5	4190
5	4192
5	4194
5	4196
7	4198:2:2:3
6	4200
5	4202
6	4204
5	4206
7	4208:2:2:3
5	4210
7	4212:2:2:3
5	4214
6	4216
6	4218
6	4220
7	4222:2:2:3
5	4224
5	4226
5	4228
5	4230
5	4232
6	4234
6	4236
6	4238
5	4240
7	4242:2:2:3
6	4244
7	4246:2:2:3
5	4248
5	4000
5	4003
5	4004
5	4006
5	4009
5	4011
5	4013
5	4014
5	4017
5	4018
5	4021
5	4022
5	4024
5	4027
5	4028
5	4031
5	4033
5	4034
5	4037
5	4038
5	4041
5	4043
5	4044
5	4046
5	4049
5	4051
5	4052
5	4054
5	4057
5	4059
5	4061
5	4063
5	4065
5	4067
5	4069
5	4070
5	4072
5	4074
5	4077
5	4078
5	4080
5	4082
5	4084
6	4086
6	4088
5	4090
5	4093
5	4095
6	4096
5	4099
5	4100
6	4102
5	4105
5	4107
5	4108
5	4110
5	4113
5	4115
5	4117
6	4118
6	4120
5	4123
5	4125
5	4126
5	4128
5	4130
5	4133
5	4134
5	4137
6	4138
6	4140
5	4143
5	4144
5	4147
5	4149
5	4151
5	4153
5	4155
5	4156
5	4158
5	4161
6	4162
5	4165
5	4166
6	4168
5	4171
5	4172
5	4174
5	4177
5	4179
5	4180
5	4183
5	4185
5	4187
5	4189
5	4191
5	4193
5	4195
5	4197
6	4198
5	4200
5	4203
5	4204
5	4207
6	4208
5	4211
6	4212
5	4215
5	4216
5	4218
5	4220
6	4222
5	4225
5	4227
5	4229
5	4231
5	4233
5	4234
5	4236
5	4238
5	4241
6	4242
5	4244
6	4246
5	4249
5	4001
6	4003
5	4005
5	4007
6	4009
6	4011
6	4013
5	4015
6	4017
5	4019
6	4021
5	4023
5	4025
6	4027
5	4029
6	4031
6	4033
5	4035
6	4037
5	4039
6	4041
6	4043
5	4045
5	4047
6	4049
6	4051
5	4053
5	4055
6	4057
6	4059
6	4061
6	4063
6	4065
6	4067
6	4069
5	4071
5	4073
5	4075
6	4077
5	4079
5	4081
5	4083
5	4085
5	4086
5	4088
5	4091
6	4093
6	4095
5	4096
6	4099
5	4101
5	4102
6	4105
6	4107
5	4109
5	4111
6	4113
6	4115
6	4117
5	4118
5	4120
6	4123
6	4125
5	4127
5	4129
5	4131
6	4133
5	4135
6	4137
5	4138
5	4140
6	4143
5	4145
6	4147
6	4149
6	4151
6	4153
6	4155
5	4157
5	4159
6	4161
5	4162
6	4165
5	4167
5	4168
6	4171
5	4173
5	4175
6	4177
6	4179
5	4181
6	4183
6	4185
6	4187
6	4189
6	4191
6	4193
6	4195
6	4197
5	4198
5	4201
6	4203
5	4205
6	4207
5	4208
6	4211
5	4212
6	4215
5	4217
5	4219
5	4221
5	4222
6	4225
6	4227
6	4229
6	4231
6	4233
5	4235
5	4237
5	4239
6	4241
5	4242
5	4245
5	4246
6	4249
2	4000
7	4003:1:0:2
2	4004
6	4007
7	4009:1:0:2
7	4011:2:4:3
7	4013:2:4:3
2	4014
7	4017:1:1:1
6	4019
7	4021:1:1:1
2	4022
2	4024
7	4027:1:1:1
2	4028
7	4031:1:1:1
7	4033:1:4:5
2	4034
7	4037:1:4:5
2	4038
7	4041:2:4:4
7	4043:1:1:1
6	4045
2	4046
7	4049:2:4:3
7	4051:1:1:1
2	4052
2	4054
7	4057:2:4:4
7	4059:1:0:2
7	4061:1:1:1
7	4063:1:0:2
7	4065:2:4:4
7	4067:1:1:1
7	4069:1:4:5
2	4070
6	4073
6	4075
7	4077:1:4:5
6	4079
2	4080
2	4082
2	4084
5	4087
5	4089
2	4090
7	4093:1:0:2
7	4095:1:4:5
5	4097
7	4099:1:4:5
2	4100
5	4103
7	4105:2:4:3
7	4107:2:4:4
2	4108
6	4111
7	4113:2:4:4
7	4115:1:0:2
7	4117:1:1:1
5	4119
5	4121
7	4123:1:0:2
7	4125:2:4:3
2	4126
2	4128
2	4130
7	4133:2:4:3
6	4135
7	4137:2:4:4
5	4139
5	4141
7	4143:1:4:5
6	4145
7	4147:1:1:1
7	4149:1:0:2
7	4151:1:4:5
7	4153:2:4:3
7	4155:1:4:5
6	4157
2	4158
7	4161:1:0:2
5	4163
7	4165:1:4:5
2	4166
5	4169
7	4171:1:1:1
2	4172
2	4174
7	4177:2:4:3
7	4179:2:4:3
2	4180
7	4183:2:4:3
7	4185:1:1:1
7	4187:2:4:4
7	4189:1:1:1
7	4191:2:4:4
7	4193:2:4:3
7	4195:1:4:5
7	4197:2:4:3
5	4199
2	4200
7	4203:1:0:2
2	4204
7	4207:2:4:4
5	4209
7	4211:2:4:4
5	4213
7	4215:1:0:2
2	4216
2	4218
2	4220
5	4223
7	4225:1:1:1
7	4227:1:0:2
7	4229:1:1:1
7	4231:2:4:3
7	4233:1:1:1
6	4235
2	4236
2	4238
7	4241:1:4:5
5	4243
2	4244
5	4247
7	4249:1:1:1
2	4001
7	4003:0:1:2
2	4005
7	4007:2:4:4
7	4009:0:1:2
6	4011
6	4013
2	4015
6	4017
7	4019:2:4:4
6	4021
2	4023
2	4025
6	4027
2	4029
6	4031
6	4033
2	4035
6	4037
2	4039
6	4041
6	4043
7	4045:2:4:4
2	4047
6	4049
6	4051
2	4053
2	4055
6	4057
7	4059:0:1:2
6	4061
7	4063:0:1:2
6	4065
6	4067
6	4069
2	4071
7	4073:2:4:4
7	4075:2:4:4
6	4077
7	4079:2:4:4
2	4081
2	4083
2	4085
6	4087
6	4089
2	4091
7	4093:0:1:2
6	4095
6	4097
6	4099
2	4101
6	4103
6	4105
6	4107
2	4109
7	4111:2:4:4
6	4113
7	4115:0:1:2
6	4117
6	4119
6	4121
7	4123:0:1:2
6	4125
2	4127
2	4129
2	4131
6	4133
7	4135:2:4:4
6	4137
6	4139
6	4141
6	4143
7	4145:2:4:4
6	4147
7	4149:0:1:2
6	4151
6	4153
6	4155
7	4157:2:4:4
2	4159
7	4161:0:1:2
6	4163
6	4165
2	4167
6	4169
6	4171
2	4173
2	4175
6	4177
6	4179
2	4181
6	4183
6	4185
6	4187
6	4189
6	4191
6	4193
6	4195
6	4197
6	4199
2	4201
7	4203:0:1:2
2	4205
6	4207
6	4209
6	4211
6	4213
7	4215:0:1:2
2	4217
2	4219
2	4221
6	4223
6	4225
7	4227:0:1:2
6	4229
6	4231
6	4233
7	4235:2:4:4
2	4237
2	4239
6	4241
6	4243
2	4245
6	4247
6	4249
6	4003
6	4007
6	4009
5	4010
5	4012
5	4016
6	4019
5	4020
5	4026
5	4030
5	4032
5	4036
5	4040
5	4042
6	4045
5	4048
5	4050
5	4056
6	4059
5	4060
6	4063
5	4064
5	4066
5	4068
6	4073
6	4075
5	4076
6	4079
7	4087:4:1:7
7	4089:4:1:7
6	4093
5	4094
7	4097:4:1:7
5	4098
7	4103:4:1:7
5	4104
5	4106
6	4111
5	4112
6	4115
5	4116
7	4119:4:1:7
7	4121:4:1:7
6	4123
5	4124
5	4132
6	4135
5	4136
7	4139:4:1:7
7	4141:4:1:7
5	4142
6	4145
5	4146
6	4149
5	4150
5	4152
5	4154
6	4157
6	4161
7	4163:4:1:7
5	4164
7	4169:4:1:7
5	4170
5	4176
5	4178
5	4182
5	4184
5	4186
5	4188
5	4190
5	4192
5	4194
5	4196
7	4199:4:1:7
6	4203
5	4206
7	4209:4:1:7
5	4210
7	4213:4:1:7
6	4215
7	4223:4:1:7
5	4224
6	4227
5	4228
5	4230
5	4232
6	4235
5	4240
7	4243:4:1:7
7	4247:4:1:7
5	4248
5	4002
5	4006
5	4008
5	4011
5	4013
5	4017
5	4018
5	4021
5	4027
5	4031
5	4033
5	4037
5	4041
5	4043
5	4044
5	4049
5	4051
5	4057
5	4058
5	4061
5	4062
5	4065
5	4067
5	4069
5	4072
5	4074
5	4077
5	4078
6	4087
6	4089
5	4092
5	4095
6	4097
5	4099
6	4103
5	4105
5	4107
5	4110
5	4113
5	4114
5	4117
6	4119
6	4121
5	4122
5	4125
5	4133
5	4134
5	4137
6	4139
6	4141
5	4143
5	4144
5	4147
5	4148
5	4151
5	4153
5	4155
5	4156
5	4160
6	4163
5	4165
6	4169
5	4171
5	4177
5	4179
5	4183
5	4185
5	4187
5	4189
5	4191
5	4193
5	4195
5	4197
6	4199
5	4202
5	4207
6	4209
5	4211
6	4213
5	4214
6	4223
5	4225
5	4226
5	4229
5	4231
5	4233
5	4234
5	4241
6	4243
6	4247
5	4249
5	4003
5	4007
5	4009
6	4010
6	4012
6	4016
5	4019
6	4020
6	4026
6	4030
6	4032
6	4036
2	4040
6	4042
5	4045
6	4048
6	4050
2	4056
5	4059
6	4060
5	4063
2	4064
6	4066
6	4068
5	4073
5	4075
6	4076
5	4079
5	4086
5	4088
5	4093
6	4094
5	4096
6	4098
5	4102
6	4104
2	4106
5	4111
2	4112
5	4115
6	4116
5	4118
5	4120
5	4123
6	4124
6	4132
5	4135
2	4136
5	4138
5	4140
6	4142
5	4145
6	4146
5	4149
6	4150
6	4152
6	4154
5	4157
5	4161
5	4162
6	4164
5	4168
6	4170
6	4176
6	4178
6	4182
6	4184
2	4186
6	4188
2	4190
6	4192
6	4194
6	4196
5	4198
5	4203
2	4206
5	4208
2	4210
5	4212
5	4215
5	4222
6	4224
5	4227
6	4228
6	4230
6	4232
5	4235
6	4240
5	4242
5	4246
6	4248
6	4002
2	4006
6	4008
7	4010:2:0:0
7	4012:2:0:0
7	4016:2:3:4
2	4018
7	4020:2:3:4
7	4026:2:3:4
7	4030:2:3:4
7	4032:1:3:2
7	4036:1:3:2
2	4041
7	4042:2:3:4
2	4044
7	4048:2:0:0
7	4050:2:3:4
2	4057
6	4058
7	4060:2:3:4
6	4062
2	4065
7	4066:2:3:4
7	4068:1:3:2
2	4072
2	4074
7	4076:1:3:2
2	4078
5	4087
5	4089
6	4092
7	4094:1:3:2
5	4097
7	4098:1:3:2
5	4103
7	4104:2:0:0
2	4107
2	4110
2	4113
6	4114
7	4116:2:3:4
5	4119
5	4121
6	4122
7	4124:2:0:0
7	4132:2:0:0
2	4134
2	4137
5	4139
5	4141
7	4142:1:3:2
2	4144
7	4146:2:3:4
6	4148
7	4150:1:3:2
7	4152:2:0:0
7	4154:1:3:2
2	4156
6	4160
5	4163
7	4164:1:3:2
5	4169
7	4170:2:3:4
7	4176:2:0:0
7	4178:2:0:0
7	4182:2:0:0
7	4184:2:3:4
2	4187
7	4188:2:3:4
2	4191
7	4192:2:0:0
7	4194:1:3:2
7	4196:2:0:0
5	4199
6	4202
2	4207
5	4209
2	4211
5	4213
6	4214
5	4223
7	4224:2:3:4
6	4226
7	4228:2:3:4
7	4230:2:0:0
7	4232:2:3:4
2	4234
7	4240:1:3:2
5	4243
5	4247
7	4248:2:3:4
7	4002:3:3:6
2	4007
7	4008:3:3:6
6	4010
6	4012
6	4016
2	4019
6	4020
6	4026
6	4030
6	4032
6	4036
6	4042
2	4045
6	4048
6	4050
7	4058:3:3:6
6	4060
7	4062:3:3:6
6	4066
6	4068
2	4073
2	4075
6	4076
2	4079
6	4086
6	4088
7	4092:3:3:6
6	4094
6	4096
6	4098
6	4102
6	4104
2	4111
7	4114:3:3:6
6	4116
6	4118
6	4120
7	4122:3:3:6
6	4124
6	4132
2	4135
6	4138
6	4140
6	4142
2	4145
6	4146
7	4148:3:3:6
6	4150
6	4152
6	4154
2	4157
7	4160:3:3:6
6	4162
6	4164
6	4168
6	4170
6	4176
6	4178
6	4182
6	4184
6	4188
6	4192
6	4194
6	4196
6	4198
7	4202:3:3:6
6	4208
6	4212
7	4214:3:3:6
6	4222
6	4224
7	4226:3:3:6
6	4228
6	4230
6	4232
2	4235
6	4240
6	4242
6	4246
6	4248
6	4002
6	4008
5	4010
5	4012
5	4016
5	4020
5	4026
5	4030
5	4032
5	4036
5	4042
5	4048
5	4050
6	4058
5	4060
6	4062
5	4066
5	4068
5	4076
7	4086:3:0:0
7	4088:3:0:0
6	4092
5	4094
7	4096:3:0:0
5	4098
7	4102:3:0:0
5	4104
6	4114
5	4116
7	4118:3:0:0
7	4120:3:0:0
6	4122
5	4124
5	4132
7	4138:3:0:0
7	4140:3:0:0
5	4142
5	4146
6	4148
5	4150
5	4152
5	4154
6	4160
7	4162:3:0:0
5	4164
7	4168:3:0:0
5	4170
5	4176
5	4178
5	4182
5	4184
5	4188
5	4192
5	4194
5	4196
7	4198:3:0:0
6	4202
7	4208:3:0:0
7	4212:3:0:0
6	4214
7	4222:3:0:0
5	4224
6	4226
5	4228
5	4230
5	4232
5	4240
7	4242:3:0:0
7	4246:3:0:0
5	4248
5	4002
5	4008
5	4011
5	4013
5	4017
5	4021
5	4027
5	4031
5	4033
5	4037
5	4043
5	4049
5	4051
5	4058
5	4061
5	4062
5	4067
5	4069
5	4077
6	4086
6	4088
5	4092
5	4095
6	4096
5	4099
6	4102
5	4105
5	4114
5	4117
6	4118
6	4120
5	4122
5	4125
5	4133
6	4138
6	4140
5	4143
5	4147
5	4148
5	4151
5	4153
5	4155
5	4160
6	4162
5	4165
6	4168
5	4171
5	4177
5	4179
5	4183
5	4185
5	4189
5	4193
5	4195
5	4197
6	4198
5	4202
6	4208
6	4212
5	4214
6	4222
5	4225
5	4226
5	4229
5	4231
5	4233
5	4241
6	4242
6	4246
5	4249
5	4003
5	4009
2	4010
2	4012
2	4016
2	4020
2	4026
2	4030
6	4033
6	4037
2	4042
2	4048
2	4050
5	4059
2	4060
5	4063
2	4066
6	4069
6	4077
5	4086
5	4088
5	4093
6	4095
5	4096
6	4099
5	4102
2	4104
5	4115
2	4116
5	4118
5	4120
5	4123
2	4124
2	4132
5	4138
5	4140
6	4143
2	4146
5	4149
6	4151
2	4152
6	4155
5	4161
5	4162
6	4165
5	4168
2	4170
2	4176
2	4178
2	4182
2	4184
2	4188
2	4192
6	4195
2	4196
5	4198
5	4203
5	4208
5	4212
5	4215
5	4222
2	4224
5	4227
2	4228
2	4230
2	4232
6	4241
5	4242
5	4246
2	4248
6	4003
6	4009
2	4011
2	4013
2	4017
2	4021
2	4027
2	4031
7	4033:0:3:3
7	4037:0:3:3
2	4043
2	4049
2	4051
6	4059
2	4061
6	4063
2	4067
7	4069:0:3:3
7	4077:0:3:3
5	4087
5	4089
6	4093
7	4095:0:3:3
5	4097
7	4099:0:3:3
5	4103
2	4105
6	4115
2	4117
5	4119
5	4121
6	4123
2	4125
2	4133
5	4139
5	4141
7	4143:0:3:3
2	4147
6	4149
7	4151:0:3:3
2	4153
7	4155:0:3:3
6	4161
5	4163
7	4165:0:3:3
5	4169
2	4171
2	4177
2	4179
2	4183
2	4185
2	4189
2	4193
7	4195:0:3:3
2	4197
5	4199
6	4203
5	4209
5	4213
6	4215
5	4223
2	4225
6	4227
2	4229
2	4231
2	4233
7	4241:0:3:3
5	4243
5	4247
2	4249
7	4003:2:4:4
7	4009:2:4:4
6	4033
6	4037
7	4059:2:4:4
7	4063:2:4:4
6	4069
6	4077
6	4087
6	4089
7	4093:2:4:4
6	4095
6	4097
6	4099
6	4103
7	4115:2:4:4
6	4119
6	4121
7	4123:2:4:4
6	4139
6	4141
6	4143
7	4149:2:4:4
6	4151
6	4155
7	4161:2:4:4
6	4163
6	4165
6	4169
6	4195
6	4199
7	4203:2:4:4
6	4209
6	4213
7	4215:2:4:4
6	4223
7	4227:2:4:4
6	4241
6	4243
6	4247
6	4003
6	4009
5	4032
5	4036
6	4059
6	4063
5	4068
5	4076
7	4087:2:1:0
7	4089:2:1:0
6	4093
5	4094
7	4097:2:1:0
5	4098
7	4103:2:1:0
6	4115
7	4119:2:1:0
7	4121:2:1:0
6	4123
7	4139:2:1:0
7	4141:2:1:0
5	4142
6	4149
5	4150
5	4154
6	4161
7	4163:2:1:0
5	4164
7	4169:2:1:0
5	4194
7	4199:2:1:0
6	4203
7	4209:2:1:0
7	4213:2:1:0
6	4215
7	4223:2:1:0
6	4227
5	4240
7	4243:2:1:0
7	4247:2:1:0
5	4002
5	4008
5	4033
5	4037
5	4058
5	4062
5	4069
5	4077
6	4087
6	4089
5	4092
5	4095
6	4097
5	4099
6	4103
5	4114
6	4119
6	4121
5	4122
6	4139
6	4141
5	4143
5	4148
5	4151
5	4155
5	4160
6	4163
5	4165
6	4169
5	4195
6	4199
5	4202
6	4209
6	4213
5	4214
6	4223
5	4226
5	4241
6	4243
6	4247
5	4003
5	4009
6	4032
6	4036
5	4059
5	4063
6	4068
6	4076
5	4086
5	4088
5	4093
6	4094
5	4096
6	4098
5	4102
5	4115
5	4118
5	4120
5	4123
5	4138
5	4140
6	4142
5	4149
6	4150
6	4154
5	4161
5	4162
6	4164
5	4168
6	4194
5	4198
5	4203
5	4208
5	4212
5	4215
5	4222
5	4227
6	4240
5	4242
5	4246
2	4002
2	4008
7	4032:2:0:0
7	4036:2:0:0
2	4058
2	4062
7	4068:2:0:0
7	4076:2:0:0
5	4087
5	4089
2	4092
7	4094:2:0:0
5	4097
7	4098:2:0:0
5	4103
2	4114
5	4119
5	4121
2	4122
5	4139
5	4141
7	4142:2:0:0
2	4148
7	4150:2:0:0
7	4154:2:0:0
2	4160
5	4163
7	4164:2:0:0
5	4169
7	4194:2:0:0
5	4199
2	4202
5	4209
5	4213
2	4214
5	4223
2	4226
7	4240:2:0:0
5	4243
5	4247
2	4003
2	4009
7	4032:3:3:5
7	4036:3:3:5
2	4059
2	4063
7	4068:3:3:5
7	4076:3:3:5
2	4086
2	4088
2	4093
7	4094:3:3:5
2	4096
7	4098:3:3:5
2	4102
2	4115
2	4118
2	4120
2	4123
2	4138
2	4140
7	4142:3:3:5
2	4149
7	4150:3:3:5
7	4154:3:3:5
2	4161
2	4162
7	4164:3:3:5
2	4168
7	4194:3:3:5
2	4198
2	4203
2	4208
2	4212
2	4215
2	4222
2	4227
7	4240:3:3:5
2	4242
2	4246
6	4032
6	4036
6	4068
6	4076
2	4087
2	4089
6	4094
2	4097
6	4098
2	4103
2	4119
2	4121
2	4139
2	4141
6	4142
6	4150
6	4154
2	4163
6	4164
2	4169
6	4194
2	4199
2	4209
2	4213
2	4223
6	4240
2	4243
2	4247
5	4032
5	4036
5	4068
5	4076
5	4094
5	4098
5	4142
5	4150
5	4154
5	4164
5	4194
5	4240
5	4033
5	4037
5	4069
5	4077
5	4095
5	4099
5	4143
5	4151
5	4155
5	4165
5	4195
5	4241
6	4033
6	4037
6	4069
6	4077
6	4095
6	4099
6	4143
6	4151
6	4155
6	4165
6	4195
6	4241
7	4033:2:1:1
7	4037:2:1:1
7	4069:2:1:1
7	4077:2:1:1
7	4095:2:1:1
7	4099:2:1:1
7	4143:2:1:1
7	4151:2:1:1
7	4155:2:1:1
7	4165:2:1:1
7	4195:2:1:1
7	4241:2:1:1
6	4033
6	4037
6	4069
6	4077
6	4095
6	4099
6	4143
6	4151
6	4155
6	4165
6	4195
6	4241
5	4032
5	4036
5	4068
5	4076
5	4094
5	4098
5	4142
5	4150
5	4154
5	4164
5	4194
5	4240
5	4033
5	4037
5	4069
5	4077
5	4095
5	4099
5	4143
5	4151
5	4155
5	4165
5	4195
5	4241
6	4032
6	4036
6	4068
6	4076
6	4094
6	4098
6	4142
6	4150
6	4154
6	4164
6	4194
6	4240
7	4032:2:0:0
7	4036:2:0:0
7	4068:2:0:0
7	4076:2:0:0
7	4094:2:0:0
7	4098:2:0:0
7	4142:2:0:0
7	4150:2:0:0
7	4154:2:0:0
7	4164:2:0:0
7	4194:2:0:0
7	4240:2:0:0
6	4032
6	4036
6	4068
6	4076
6	4094
6	4098
6	4142
6	4150
6	4154
6	4164
6	4194
6	4240
5	4032
5	4036
5	4068
5	4076
5	4094
5	4098
5	4142
5	4150
5	4154
5	4164
5	4194
5	4240
5	4033
5	4037
5	4069
5	4077
5	4095
5	4099
5	4143
5	4151
5	4155
5	4165
5	4195
5	4241
2	4032
2	4036
2	4068
2	4076
2	4094
2	4098
2	4142
2	4150
2	4154
2	4164
2	4194
2	4240
2	4033
2	4037
2	4069
2	4077
2	4095
2	4099
2	4143
2	4151
2	4155
2	4165
2	4195
2	4241
